-1.000000000000000000e+00 2.197963947359575698e+01 -9.826529773690108049e-01 8.703412967982293580e-02 4.379755540489452259e-02
-9.799999999999999822e-01 2.195227713362336530e+01 -9.819219186906233965e-01 8.698855394320560708e-02 4.356810316075450384e-02
-9.599999999999999645e-01 2.192321391099155647e+01 -9.811629485523908345e-01 8.692060364015839757e-02 4.336256242131058397e-02
-9.399999999999999467e-01 2.189231907562992419e+01 -9.803459336502089450e-01 8.672360281483194877e-02 4.314535136396099868e-02
-9.199999999999999289e-01 2.185942870553884632e+01 -9.794547925738186223e-01 8.674416584930953744e-02 4.285762378170741849e-02
-8.999999999999999112e-01 2.182437044483899058e+01 -9.785229763557344862e-01 8.661559865033549577e-02 4.259561086718678669e-02
-8.799999999999998934e-01 2.178695327371051604e+01 -9.775212141406033339e-01 8.654641519182904030e-02 4.230899841345321655e-02
-8.599999999999998757e-01 2.174696460737114379e+01 -9.764421128449747300e-01 8.676138213743206373e-02 4.203344313539675303e-02
-8.399999999999998579e-01 2.170415502207496061e+01 -9.752919892579261507e-01 8.638722652260018287e-02 4.168608833436808492e-02
-8.199999999999998401e-01 2.165826630114327855e+01 -9.740547136931144712e-01 8.633051919476847358e-02 4.134071396767193679e-02
-7.999999999999998224e-01 2.160900112135206896e+01 -9.727067076287505554e-01 8.623541266040296582e-02 4.098491740982017351e-02
-7.799999999999998046e-01 2.155600729372715563e+01 -9.712768631462765923e-01 8.611072356009108475e-02 4.057077266273612093e-02
-7.599999999999997868e-01 2.149892171406235519e+01 -9.697120084524033512e-01 8.592739323051314104e-02 4.009875121967842321e-02
-7.399999999999997691e-01 2.143731006531465866e+01 -9.680263783338499683e-01 8.586054533511869313e-02 3.968523586546310322e-02
-7.199999999999997513e-01 2.137068986495623335e+01 -9.661908609082391353e-01 8.571582172112916786e-02 3.918090592338576567e-02
-6.999999999999997335e-01 2.129851165483829334e+01 -9.641940440952575520e-01 8.556393532956453607e-02 3.864692281514665873e-02
-6.799999999999997158e-01 2.122015064605204770e+01 -9.620143559456765248e-01 8.540214481987587480e-02 3.807181469371923727e-02
-6.599999999999996980e-01 2.113489392627568009e+01 -9.596281446578248664e-01 8.522624372504572499e-02 3.744787800249112231e-02
-6.399999999999996803e-01 2.104192584093779672e+01 -9.570076773398844550e-01 8.503743805212538032e-02 3.676738883043949996e-02
-6.199999999999996625e-01 2.094031046118387707e+01 -9.541214191256732757e-01 8.483377444419122615e-02 3.602383191670864571e-02
-5.999999999999996447e-01 2.082896063269877374e+01 -9.509682025537636862e-01 8.447780298556745171e-02 3.522259979631194027e-02
-5.799999999999996270e-01 2.070663946047350379e+01 -9.474575500221630309e-01 8.419857290368178149e-02 3.434660709807862977e-02
-5.599999999999996092e-01 2.057189821955936182e+01 -9.435597556741289749e-01 8.389021950385275317e-02 3.338877539925361876e-02
-5.399999999999995914e-01 2.042305680192797723e+01 -9.392170423963865922e-01 8.354740131264379310e-02 3.233928256171901550e-02
-5.199999999999995737e-01 2.025815578639736358e+01 -9.343608348080897352e-01 8.316513470494656113e-02 3.118706328675608166e-02
-4.999999999999995559e-01 2.007490325694222122e+01 -9.289093000538047873e-01 8.273752575095999484e-02 2.991951686932745741e-02
-4.799999999999995381e-01 1.987061106789996145e+01 -9.227643605134940863e-01 8.225832135173172244e-02 2.852235064252099314e-02
-4.599999999999995204e-01 1.964211884808001685e+01 -9.158080401286264882e-01 8.171895500168530058e-02 2.697963053221368729e-02
-4.399999999999995026e-01 1.938570768592810367e+01 -9.078692943555599637e-01 8.115368099680490832e-02 2.529256088045196346e-02
-4.199999999999994849e-01 1.909697881290675525e+01 -8.988516024019214123e-01 8.043116911060893548e-02 2.340895551265417818e-02
-3.999999999999994671e-01 1.877076463134130790e+01 -8.884875437807598919e-01 7.964376755635066418e-02 2.129196985553203150e-02
-3.799999999999994493e-01 1.840097272680957730e+01 -8.765266403187599309e-01 7.871793233234490594e-02 1.897140923148873948e-02
-3.599999999999994316e-01 1.798046046655812802e+01 -8.626759594931295849e-01 7.767486489978522868e-02 1.639619389993260401e-02
-3.399999999999994138e-01 1.750091573769972797e+01 -8.465057427901961917e-01 7.646290168583459723e-02 1.353968115096556082e-02
-3.199999999999993960e-01 1.695279127331532365e+01 -8.276012798596369402e-01 7.507147231491848038e-02 1.038205498703752283e-02
-2.999999999999993783e-01 1.632534327681285902e+01 -8.054095068783936329e-01 7.346001001412651166e-02 6.910470027738650073e-03
-2.799999999999993605e-01 1.560689813731071851e+01 -7.791854938086008042e-01 7.197478551129286861e-02 3.081771721657133867e-03
-2.599999999999993427e-01 1.478546996467538044e+01 -7.483919262735889699e-01 6.938749866359687768e-02 -9.842786028507583516e-04
-2.399999999999993250e-01 1.385008071301673738e+01 -7.119829339598438001e-01 6.677370215682083832e-02 -5.339460927983359292e-03
-2.199999999999993072e-01 1.279292297537605805e+01 -6.691854235981083976e-01 6.383598265186692100e-02 -9.854112615599977185e-03
-1.999999999999992895e-01 1.161284439909946187e+01 -6.193919005470448491e-01 6.050333977907221272e-02 -1.427923300707539291e-02
-1.799999999999992717e-01 1.032010643590437482e+01 -5.618449337003618149e-01 5.671385656060368846e-02 -1.861819140030887207e-02
-1.599999999999992539e-01 8.941896596593567281e+00 -4.971677619383989000e-01 5.270097753435867838e-02 -2.226473840568616094e-02
-1.399999999999992362e-01 7.526645212425982834e+00 -4.263361605120537523e-01 4.812473304722975770e-02 -2.500920970845340457e-02
-1.199999999999992184e-01 6.143891631837612444e+00 -3.520201361954096164e-01 4.372622218980411202e-02 -2.645633165746722956e-02
-9.999999999999920064e-02 4.875946228356606404e+00 -2.781025213994475220e-01 3.942756565806796593e-02 -2.637748952648834994e-02
-7.999999999999918288e-02 3.800601904485067628e+00 -2.094583453705020359e-01 3.554948905251369834e-02 -2.489948373461335629e-02
-5.999999999999916511e-02 2.970653267148045895e+00 -1.509922717647509127e-01 3.233346553670179285e-02 -2.245609281695985782e-02
-3.999999999999914735e-02 2.401783675862233292e+00 -1.067479810565269138e-01 2.995227126833105089e-02 -1.979484050329637437e-02
-1.999999999999912959e-02 2.078245037600568335e+00 -7.935613216722230134e-02 2.850021511336839342e-02 -1.775460979681404289e-02
8.881784197001252323e-16 1.974373863308596766e+00 -7.010673899772167095e-02 2.801387631963075595e-02 -1.699198736261805370e-02
2.000000000000090594e-02 2.078245037612022728e+00 -7.935609671727263115e-02 2.850028918040326681e-02 -1.775461933233311515e-02
4.000000000000092371e-02 2.401783675806270058e+00 -1.067480335023789778e-01 2.995223633788996961e-02 -1.979483342274746330e-02
6.000000000000094147e-02 2.970653267190956903e+00 -1.509922041466532916e-01 3.233338772535047229e-02 -2.245611369316796724e-02
8.000000000000095923e-02 3.800601904407984843e+00 -2.094583588605420377e-01 3.554928304086808072e-02 -2.489948178830604653e-02
1.000000000000009770e-01 4.875946228413784667e+00 -2.781024905879931897e-01 3.942750253099153168e-02 -2.637749753101761505e-02
1.200000000000009948e-01 6.143891631856094548e+00 -3.520201705440246798e-01 4.372607534562569787e-02 -2.645632660896398911e-02
1.400000000000010125e-01 7.526645212535385099e+00 -4.263361608652173618e-01 4.812468552180691750e-02 -2.500920875873324442e-02
1.600000000000010303e-01 8.941896597798951518e+00 -4.971677630507305157e-01 5.270124687985072026e-02 -2.226473001438973934e-02
1.800000000000010481e-01 1.032010643585816645e+01 -5.618449138671802734e-01 5.671370720307811891e-02 -1.861819961196569187e-02
2.000000000000010658e-01 1.161284439935886681e+01 -6.193919120328286176e-01 6.050343179751287853e-02 -1.427923227132427836e-02
2.200000000000010836e-01 1.279292297534338907e+01 -6.691854343841235897e-01 6.383609268817530547e-02 -9.854103361689287369e-03
2.400000000000011013e-01 1.385008071293083454e+01 -7.119829234902546045e-01 6.677390930090194854e-02 -5.339466143177177757e-03
2.600000000000011191e-01 1.478546996453647466e+01 -7.483919128335567716e-01 6.938739459581172442e-02 -9.842938897348164386e-04
2.800000000000011369e-01 1.560689813947788274e+01 -7.791854940195428458e-01 7.197493675150828940e-02 3.081771479757497260e-03
3.000000000000011546e-01 1.632534327677756636e+01 -8.054094940270219993e-01 7.345995326655418989e-02 6.910458768627317575e-03
3.200000000000011724e-01 1.695279127334699609e+01 -8.276012622268876795e-01 7.507132044171263563e-02 1.038203329789506163e-02
3.400000000000011902e-01 1.750091573769854492e+01 -8.465057433303353474e-01 7.646238816230288560e-02 1.353968126672589790e-02
3.600000000000012079e-01 1.798046046658975783e+01 -8.626759709083612337e-01 7.767594946792011346e-02 1.639621264231793524e-02
3.800000000000012257e-01 1.840097272681529361e+01 -8.765266405418098428e-01 7.871813915510660065e-02 1.897141311988595480e-02
4.000000000000012434e-01 1.877076463139598417e+01 -8.884875362214876837e-01 7.964377671914366075e-02 2.129196464296880670e-02
4.200000000000012612e-01 1.909697881585207213e+01 -8.988515751958300326e-01 8.043126698450217549e-02 2.340896581341751423e-02
4.400000000000012790e-01 1.938570768929368171e+01 -9.078692752323787030e-01 8.115374686091073042e-02 2.529255469476090687e-02
4.600000000000012967e-01 1.964211884806097075e+01 -9.158080429530641720e-01 8.171906869008467578e-02 2.697963937316928337e-02
4.800000000000013145e-01 1.987061106799933796e+01 -9.227643613037321835e-01 8.225806422398211637e-02 2.852235834347264382e-02
5.000000000000013323e-01 2.007490325689139610e+01 -9.289093022826790946e-01 8.273770667453182737e-02 2.991951976073642730e-02
5.200000000000013500e-01 2.025815578637855907e+01 -9.343608351830832159e-01 8.316521285614549008e-02 3.118706468446987359e-02
5.400000000000013678e-01 2.042305680189017991e+01 -9.392170438742967198e-01 8.354756401925757248e-02 3.233928549163204991e-02
5.600000000000013856e-01 2.057189821953852871e+01 -9.435597537168015636e-01 8.389017554155281386e-02 3.338876357801424249e-02
5.800000000000014033e-01 2.070663946044253123e+01 -9.474575535072115029e-01 8.419881921506343347e-02 3.434662192410071341e-02
6.000000000000014211e-01 2.082896063277393139e+01 -9.509682025912268299e-01 8.447750094564944467e-02 3.522260137122795037e-02
6.200000000000014388e-01 2.094031046173285660e+01 -9.541214167077488595e-01 8.483371738832387599e-02 3.602382997651445984e-02
6.400000000000014566e-01 2.104192584078783312e+01 -9.570076774626656846e-01 8.503737693353442817e-02 3.676738989666338692e-02
6.600000000000014744e-01 2.113489392651654342e+01 -9.596281462532382234e-01 8.522637733031455942e-02 3.744788567808867569e-02
6.800000000000014921e-01 2.122015064596440226e+01 -9.620143554198254954e-01 8.540207137112434954e-02 3.807181289810625952e-02
7.000000000000015099e-01 2.129851165476560837e+01 -9.641940447549819382e-01 8.556384654158928627e-02 3.864692742320648827e-02
7.200000000000015277e-01 2.137068986497267886e+01 -9.661908618966110751e-01 8.571587595404943360e-02 3.918091149246452631e-02
7.400000000000015454e-01 2.143731006534662953e+01 -9.680263786333348497e-01 8.586062000834823738e-02 3.968523671802680342e-02
7.600000000000015632e-01 2.149892171431838150e+01 -9.697120085473791562e-01 8.592739000881324807e-02 4.009874026801401453e-02
7.800000000000015810e-01 2.155600729373925262e+01 -9.712768631070584080e-01 8.611092910276119117e-02 4.057076855378102809e-02
8.000000000000015987e-01 2.160900112269301587e+01 -9.727067053614819603e-01 8.623537474567771755e-02 4.098491473288881637e-02
8.200000000000016165e-01 2.165826630114185392e+01 -9.740547136548568519e-01 8.633056228777580277e-02 4.134071371618278090e-02
8.400000000000016342e-01 2.170415502198481406e+01 -9.752919894139997492e-01 8.638726061291403246e-02 4.168608717869828895e-02
8.600000000000016520e-01 2.174696460625477457e+01 -9.764421148791642135e-01 8.676138688951537392e-02 4.203344316796495811e-02
8.800000000000016698e-01 2.178695327369551293e+01 -9.775212140618428913e-01 8.654642433604492480e-02 4.230899712744590896e-02
9.000000000000016875e-01 2.182437044517683589e+01 -9.785229768478325152e-01 8.661545012262526766e-02 4.259561572668486840e-02
9.200000000000017053e-01 2.185942870571997076e+01 -9.794547922471531498e-01 8.674415969229568035e-02 4.285762416280020776e-02
9.400000000000017231e-01 2.189231907634992780e+01 -9.803459348700770404e-01 8.672354713061000697e-02 4.314535788929788757e-02
9.600000000000017408e-01 2.192321391101870987e+01 -9.811629484413738611e-01 8.692068618931975132e-02 4.336256047672992775e-02
9.800000000000017586e-01 2.195227713322180918e+01 -9.819219183477863044e-01 8.698839128546023702e-02 4.356809423609456222e-02
1.000000000000001776e+00 2.197963947402680063e+01 -9.826529758872784015e-01 8.703401783312293694e-02 4.379755431235174412e-02
