-1.000000000000000000e+00 2.208640883814494060e+01 -9.854684207395056905e-01 8.724350906040088949e-02 4.461361234810736626e-02
-9.799999999999999822e-01 2.206523425050307807e+01 -9.849115418017526657e-01 8.718340343705162365e-02 4.443716032755631873e-02
-9.599999999999999645e-01 2.204285083804871093e+01 -9.843224154219605282e-01 8.707783807997097891e-02 4.428467413517753887e-02
-9.399999999999999467e-01 2.201916463492732134e+01 -9.837010698160612021e-01 8.711650001206094895e-02 4.411126570155093907e-02
-9.199999999999999289e-01 2.199407340128619026e+01 -9.830362452766727710e-01 8.705690358958122210e-02 4.390360161789112065e-02
-8.999999999999999112e-01 2.196746391214683669e+01 -9.823328523984174998e-01 8.698700045970025885e-02 4.369460109105213763e-02
-8.799999999999998934e-01 2.193921358927258325e+01 -9.815782361274205670e-01 8.693019571808982549e-02 4.348004238753942763e-02
-8.599999999999998757e-01 2.190917873955184092e+01 -9.807861766843040119e-01 8.687506666779014342e-02 4.325208869834056696e-02
-8.399999999999998579e-01 2.187721330889577587e+01 -9.799349380846925639e-01 8.691337358618395070e-02 4.299791786904205021e-02
-8.199999999999998401e-01 2.184314594630533435e+01 -9.790261403729646483e-01 8.668580844239182071e-02 4.274241178477928421e-02
-7.999999999999998224e-01 2.180678976954037651e+01 -9.780519963334795008e-01 8.656529540738672202e-02 4.245912747456202785e-02
-7.799999999999998046e-01 2.176793517517604926e+01 -9.770117999723899604e-01 8.656574399967965905e-02 4.217037693482051514e-02
-7.599999999999997868e-01 2.172634983044166646e+01 -9.758939039706771013e-01 8.647921380953146886e-02 4.186982817630603704e-02
-7.399999999999997691e-01 2.168177507576139362e+01 -9.746791894962842928e-01 8.636909741392638507e-02 4.149392519363232640e-02
-7.199999999999997513e-01 2.163391168388995212e+01 -9.733929189221848244e-01 8.630134937193814637e-02 4.117154710147349905e-02
-6.999999999999997335e-01 2.158243715606603530e+01 -9.719954834444918257e-01 8.618996738349786468e-02 4.076041232506122380e-02
-6.799999999999997158e-01 2.152697985607265707e+01 -9.704831807375905450e-01 8.603111953544739787e-02 4.034289498752244990e-02
-6.599999999999996980e-01 2.146712064238741036e+01 -9.688460142827096666e-01 8.592524666391027077e-02 3.990781224077488698e-02
-6.399999999999996803e-01 2.140238494246663947e+01 -9.670645435429764403e-01 8.578495408650071985e-02 3.941901979060373484e-02
-6.199999999999996625e-01 2.133223302203299454e+01 -9.651282596642188905e-01 8.563413910254917549e-02 3.889566442608911878e-02
-5.999999999999996447e-01 2.125604970901472157e+01 -9.630144718154675099e-01 8.547628861829917324e-02 3.833491138593244502e-02
-5.799999999999996270e-01 2.117313100301272755e+01 -9.607003081547885737e-01 8.530493725814514150e-02 3.772766434549147674e-02
-5.599999999999996092e-01 2.108266905319583273e+01 -9.581584902125160896e-01 8.511988282500949909e-02 3.706565586583086130e-02
-5.399999999999995914e-01 2.098373382760305716e+01 -9.553575782108618686e-01 8.492070749064312141e-02 3.634144676318541711e-02
-5.199999999999995737e-01 2.087524401862945567e+01 -9.522895849266800328e-01 8.458304045444597907e-02 3.555567702482291537e-02
-4.999999999999995559e-01 2.075595733288123057e+01 -9.488761899511032327e-01 8.431109495033138612e-02 3.469904667826153449e-02
-4.799999999999995381e-01 2.062441729738900520e+01 -9.450828326061315732e-01 8.401056769813290692e-02 3.376123063071075764e-02
-4.599999999999995204e-01 2.047892368638286342e+01 -9.408515918615955043e-01 8.367646053516671067e-02 3.273215646227051884e-02
-4.399999999999995026e-01 2.031748076382732293e+01 -9.361133213083354665e-01 8.330288300142774105e-02 3.160032117410192104e-02
-4.199999999999994849e-01 2.013773663939180025e+01 -9.307849950738800171e-01 8.288461060670657132e-02 3.035261377668888386e-02
-3.999999999999994671e-01 1.993690882610474091e+01 -9.247663014526030789e-01 8.241388230739372933e-02 2.897392083491774628e-02
-3.799999999999994493e-01 1.971169286029908108e+01 -9.179354545627341766e-01 8.188327877489053053e-02 2.744713060489756273e-02
-3.599999999999994316e-01 1.945815509376187435e+01 -9.101092733577672567e-01 8.133633867265402384e-02 2.576932329343852024e-02
-3.399999999999994138e-01 1.917157385459959684e+01 -9.011951786304914780e-01 8.061710214997536150e-02 2.389303437916306949e-02
-3.199999999999993960e-01 1.884631501688399524e+01 -8.909057319446913592e-01 7.983000685585468770e-02 2.177366855138160306e-02
-2.999999999999993783e-01 1.847560340702226256e+01 -8.789438925548229697e-01 7.883847002233396184e-02 1.945526132719310394e-02
-2.799999999999993605e-01 1.805130099571092117e+01 -8.650079976087603484e-01 7.775509073037541186e-02 1.680985413525309599e-02
-2.599999999999993427e-01 1.756366934569432914e+01 -8.486388770550951088e-01 7.662165802047141150e-02 1.390589198062663380e-02
-2.399999999999993250e-01 1.700111144451530976e+01 -8.292930824884569008e-01 7.518367764945005360e-02 1.065690614079996268e-02
-2.199999999999993072e-01 1.634998073181756340e+01 -8.062855498964668355e-01 7.352520230146133984e-02 7.036074291058211187e-03
-1.999999999999992895e-01 1.559455274826697746e+01 -7.787339078717703256e-01 7.192060625013922681e-02 3.020731275746381915e-03
-1.799999999999992717e-01 1.471733516591996427e+01 -7.457858613369351408e-01 6.919574581598476881e-02 -1.312469116114360450e-03
-1.599999999999992539e-01 1.370016426044303870e+01 -7.060205375562252916e-01 6.635948290027630925e-02 -6.006420311235206172e-03
-1.399999999999992362e-01 1.252651149428972666e+01 -6.581221520157501947e-01 6.309155190324776397e-02 -1.091984720170783782e-02
-1.199999999999992184e-01 1.118597313717628161e+01 -6.007314142720991956e-01 5.926260289028376788e-02 -1.578617371299160382e-02
-9.999999999999920064e-02 9.681728730835157393e+00 -5.323187248325570442e-01 5.480489872603937218e-02 -2.044232090140984254e-02
-7.999999999999918288e-02 8.041304379282458115e+00 -4.526226776784744721e-01 4.974150034596923342e-02 -2.416253918925959435e-02
-5.999999999999916511e-02 6.328699642566417261e+00 -3.622928477352424514e-01 4.433473379049698154e-02 -2.634604613521210684e-02
-3.999999999999914735e-02 4.651648773352042632e+00 -2.643186571817466857e-01 3.863965363643309670e-02 -2.619325065735134475e-02
-1.999999999999912959e-02 3.152751058533660888e+00 -1.643478172794624048e-01 3.306103813326475432e-02 -2.311713972011532336e-02
8.881784197001252323e-16 1.974373863307459454e+00 -7.010675172049647685e-02 2.801404201733441457e-02 -1.699198538655352989e-02
2.000000000000090594e-02 1.202868568302887464e+00 1.050890826187685957e-02 2.384852858243377213e-02 -8.481209628510250759e-03
4.000000000000092371e-02 8.228409856008317425e-01 7.194505400196637979e-02 2.079046202858299275e-02 8.330567159474490998e-04
6.000000000000094147e-02 7.192341815942679961e-01 1.126150967300850458e-01 1.889968136857980707e-02 9.081193341101641281e-03
8.000000000000095923e-02 7.342241250297552035e-01 1.339912641973568241e-01 1.779110525660038480e-02 1.438648265517430969e-02
1.000000000000009770e-01 7.453181659250611713e-01 1.384622523794596105e-01 1.757729263422176669e-02 1.560528700164925259e-02
1.200000000000009948e-01 7.224259519649157690e-01 1.267485614386281434e-01 1.791394482290934592e-02 1.251937643244810383e-02
1.400000000000010125e-01 7.412496368990453277e-01 9.701651949826005372e-02 1.956199352996929042e-02 5.667522806306269506e-03
1.600000000000010303e-01 9.491089980388180969e-01 4.735253869269535204e-02 2.207022751039189670e-02 -3.276294616926857597e-03
1.800000000000010481e-01 1.494255580936500127e+00 -2.323945096125103887e-02 2.557894845703657244e-02 -1.249337919113152270e-02
2.000000000000010658e-01 2.451579573281706281e+00 -1.108001024640473953e-01 3.016859753471216876e-02 -2.007015313968858738e-02
2.200000000000010836e-01 3.787936683327044918e+00 -2.086077436874470004e-01 3.550180399530263042e-02 -2.487206611118885149e-02
2.400000000000011013e-01 5.384840055354097821e+00 -3.084827633644883216e-01 4.118138975409603442e-02 -2.659253372854713734e-02
2.600000000000011191e-01 7.093730631123739805e+00 -4.036492344172077917e-01 4.681242701432473258e-02 -2.562215529819482362e-02
2.800000000000011369e-01 8.784882198710674217e+00 -4.895130778134728078e-01 5.218263559918015493e-02 -2.263987070690479456e-02
3.000000000000011546e-01 1.037018118579628734e+01 -5.641269704687170705e-01 5.686168848775257495e-02 -1.846712671500283856e-02
3.200000000000011724e-01 1.180325828445161562e+01 -6.276149960996399990e-01 6.105431143197316557e-02 -1.358049446642593805e-02
3.400000000000011902e-01 1.306891300232053865e+01 -6.805293367910055791e-01 6.460882187681080135e-02 -8.718095384052286859e-03
3.600000000000012079e-01 1.417115784049548211e+01 -7.246352336072874323e-01 6.767155576970165787e-02 -3.880904618970189898e-03
3.800000000000012257e-01 1.512384323658940311e+01 -7.612240867121345955e-01 7.036729833966166858e-02 6.702729649180803016e-04
4.000000000000012434e-01 1.594463242588064844e+01 -7.916442999561572602e-01 7.251154102944806779e-02 4.869715336223782477e-03
4.200000000000012612e-01 1.665158945535259960e+01 -8.170000715179059902e-01 7.433191501575929505e-02 8.691129267639648853e-03
4.400000000000012790e-01 1.726149100773664102e+01 -8.383421689878254313e-01 7.581409381041652462e-02 1.215151753803494182e-02
4.600000000000012967e-01 1.778915046635384556e+01 -8.562569630035884449e-01 7.718271365424206332e-02 1.524382367692158138e-02
4.800000000000013145e-01 1.824729021858652800e+01 -8.715255257210670070e-01 7.824438830906392528e-02 1.810427327106481701e-02
5.000000000000013323e-01 1.864664475012726186e+01 -8.844941216266469786e-01 7.933588359618512498e-02 2.050803961871223643e-02
5.200000000000013500e-01 1.899621478284366205e+01 -8.956747900059930378e-01 8.019864330089807036e-02 2.274179489253891698e-02
5.400000000000013678e-01 1.930350028658243033e+01 -9.053164516245572058e-01 8.094720402049797314e-02 2.475354618069297574e-02
5.600000000000013856e-01 1.957473993060224515e+01 -9.137400414261215298e-01 8.155889359924413384e-02 2.652873871504830491e-02
5.800000000000014033e-01 1.981514680428832520e+01 -9.210838454070366943e-01 8.212769877470064983e-02 2.814593133733409025e-02
6.000000000000014211e-01 2.002906586321240212e+01 -9.275367206900603234e-01 8.263029383657101434e-02 2.960457665329924853e-02
6.200000000000014388e-01 2.022013814078268368e+01 -9.332345939245516586e-01 8.307668512847544984e-02 3.092299471848019427e-02
6.400000000000014566e-01 2.039142334359440412e+01 -9.382891102558196250e-01 8.347435299949725052e-02 3.211739640523728068e-02
6.600000000000014744e-01 2.054550217340023721e+01 -9.427924277815170617e-01 8.382979015939370782e-02 3.320199217547449566e-02
6.800000000000014921e-01 2.068455974986515855e+01 -9.468210266815022536e-01 8.414847023648588942e-02 3.418915329138208503e-02
7.000000000000015099e-01 2.081045355742859471e+01 -9.504387554337107025e-01 8.443539260322487083e-02 3.508966470141528654e-02
7.200000000000015277e-01 2.092477309509630246e+01 -9.536781294760351413e-01 8.480278338721387865e-02 3.591028567445180009e-02
7.400000000000015454e-01 2.102886502094667165e+01 -9.566379791355265061e-01 8.501098898142542271e-02 3.667177845412753628e-02
7.600000000000015632e-01 2.112390666725658050e+01 -9.593194605908700323e-01 8.520370990131106992e-02 3.736746759657518652e-02
7.800000000000015810e-01 2.121090525267068472e+01 -9.617563512436899664e-01 8.538304388197769101e-02 3.800411772146895101e-02
8.000000000000015987e-01 2.129073395382318168e+01 -9.639782524212684445e-01 8.554781942863741440e-02 3.858968802556925204e-02
8.200000000000016165e-01 2.136415234394379326e+01 -9.660104358969118232e-01 8.570172165141416720e-02 3.913223391284128411e-02
8.400000000000016342e-01 2.143182325022672075e+01 -9.678752968895720787e-01 8.584898172617738688e-02 3.964360087008628880e-02
8.600000000000016520e-01 2.149432713888960933e+01 -9.695870916907426418e-01 8.590944268996694722e-02 4.006676602460019360e-02
8.800000000000016698e-01 2.155217375325685225e+01 -9.711791357599787178e-01 8.609287324334985447e-02 4.052942744766491884e-02
9.000000000000016875e-01 2.160580862845255012e+01 -9.726299782785526871e-01 8.621456601673889442e-02 4.094022335086194841e-02
9.200000000000017053e-01 2.165563206594244861e+01 -9.739833935106366747e-01 8.632461787368196637e-02 4.132101210778630490e-02
9.400000000000017231e-01 2.170199444360467922e+01 -9.752320005628386523e-01 8.638529877298976867e-02 4.166704639720212461e-02
9.600000000000017408e-01 2.174520866334822955e+01 -9.763961575999906550e-01 8.674344986334957264e-02 4.202331637405672116e-02
9.800000000000017586e-01 2.178554570453694339e+01 -9.774835709576563669e-01 8.654890927817394941e-02 4.229872005898061699e-02
1.000000000000001776e+00 2.182326145030723907e+01 -9.784932735932345693e-01 8.661316861862157490e-02 4.258702176532993405e-02
