-1.000000000000000000e+00 1.265873330360066618e+01 -9.880716213630361677e-01 7.880200809709881141e-03 -8.422336215838696627e-03
-9.799999999999999822e-01 1.264693922974097440e+01 -9.875812254129007206e-01 7.864057602152401544e-03 -8.485355738451950611e-03
-9.599999999999999645e-01 1.263441715063183324e+01 -9.870635963049132489e-01 7.875682405195165783e-03 -8.559394333511527106e-03
-9.399999999999999467e-01 1.262110403990492991e+01 -9.865082247849575880e-01 7.803856973976000186e-03 -8.620241982632831715e-03
-9.199999999999999289e-01 1.260693563639496162e+01 -9.859156674687488131e-01 7.872274236347714255e-03 -8.733146393145554964e-03
-8.999999999999999112e-01 1.259183456071393437e+01 -9.852896111639101173e-01 7.809624189747048188e-03 -8.789802888830359345e-03
-8.799999999999998934e-01 1.257572030007339769e+01 -9.846148648937405046e-01 7.829084621017423293e-03 -8.872101403618753296e-03
-8.599999999999998757e-01 1.255850166219987507e+01 -9.838941520143958952e-01 7.997420329575918516e-03 -9.049930545576810592e-03
-8.399999999999998579e-01 1.254006838634575161e+01 -9.831248329632146232e-01 7.797191330066412761e-03 -9.092597476900996997e-03
-8.199999999999998401e-01 1.252031370447676473e+01 -9.822972854642829654e-01 7.778838975340452225e-03 -9.197559631436093633e-03
-7.999999999999998224e-01 1.249910702058737577e+01 -9.814052585098329562e-01 7.813467728438069568e-03 -9.336521367612191091e-03
-7.799999999999998046e-01 1.247630288249220953e+01 -9.804545603538757925e-01 7.736235377260167710e-03 -9.436678961219429132e-03
-7.599999999999997868e-01 1.245173442300652056e+01 -9.794180976983314357e-01 7.661657737425262016e-03 -9.522032712047405131e-03
-7.399999999999997691e-01 1.242522376550338414e+01 -9.782987678668725318e-01 7.604786155442234269e-03 -9.681800842456639994e-03
-7.199999999999997513e-01 1.239656015246926657e+01 -9.770880837956630316e-01 7.619004263561360638e-03 -9.837209330109938921e-03
-6.999999999999997335e-01 1.236550823449044323e+01 -9.757701711900772512e-01 7.621070278240589177e-03 -1.006139229000177319e-02
-6.799999999999997158e-01 1.233179417543064105e+01 -9.743424580072472807e-01 7.512417278432940299e-03 -1.017829152572489494e-02
-6.599999999999996980e-01 1.229511422906882245e+01 -9.727831454488354845e-01 7.539511093866076846e-03 -1.037167272648209689e-02
-6.399999999999996803e-01 1.225511331630591627e+01 -9.710712890998319802e-01 7.441065858019837650e-03 -1.061818406438296697e-02
-6.199999999999996625e-01 1.221138427369933055e+01 -9.692028069717374406e-01 7.378742067635203628e-03 -1.081189120082740041e-02
-5.999999999999996447e-01 1.216345864731360749e+01 -9.671431191733118604e-01 7.253777478514231158e-03 -1.108081625001506969e-02
-5.799999999999996270e-01 1.211079119252878300e+01 -9.648743597717432952e-01 7.291554384469257216e-03 -1.132585614001330003e-02
-5.599999999999996092e-01 1.205274898890584723e+01 -9.623605635314238516e-01 7.224854209521620711e-03 -1.163149033969152618e-02
-5.399999999999995914e-01 1.198859168656103158e+01 -9.595713656723950935e-01 7.141605189068677036e-03 -1.197440568071459800e-02
-5.199999999999995737e-01 1.191745229407555051e+01 -9.564639402036900773e-01 7.229500838931660935e-03 -1.237361180829390020e-02
-4.999999999999995559e-01 1.183830884136754946e+01 -9.529748811681664211e-01 6.990902816248948000e-03 -1.286491834280020612e-02
-4.799999999999995381e-01 1.174994191200217664e+01 -9.490770862172911437e-01 6.911831002812169993e-03 -1.320951958941319129e-02
-4.599999999999995204e-01 1.165092351641740187e+01 -9.446683624416383207e-01 6.817683595474311083e-03 -1.371734766660250536e-02
-4.399999999999995026e-01 1.153953210212051061e+01 -9.396679376582282028e-01 6.716161178446056548e-03 -1.428266488776226868e-02
-4.199999999999994849e-01 1.141370957678968168e+01 -9.339631969458503935e-01 6.598603454186832001e-03 -1.490950598821166179e-02
-3.999999999999994671e-01 1.127096815898618409e+01 -9.274600014974557771e-01 6.469414527477191854e-03 -1.561226767925071902e-02
-3.799999999999994493e-01 1.110831717547255160e+01 -9.199439734934553581e-01 6.329447776031876111e-03 -1.641233463608132714e-02
-3.599999999999994316e-01 1.092211985313314493e+01 -9.112039154494424587e-01 6.202464580655488516e-03 -1.733343683716522324e-02
-3.399999999999994138e-01 1.070795132842475184e+01 -9.010399331614655782e-01 6.053673648737817672e-03 -1.835505005409467441e-02
-3.199999999999993960e-01 1.046044319124467847e+01 -8.890853115667622930e-01 5.882579348531670298e-03 -1.951202334940459540e-02
-2.999999999999993783e-01 1.017307489753248007e+01 -8.749229477024683677e-01 5.689469276669103376e-03 -2.082787070282714550e-02
-2.799999999999993605e-01 9.837985972551729574e+00 -8.580198124855176189e-01 5.476036587782436536e-03 -2.232270424110588056e-02
-2.599999999999993427e-01 9.445827359209134855e+00 -8.377102564250867855e-01 5.307415379113005968e-03 -2.399302762621965263e-02
-2.399999999999993250e-01 8.985757322377462941e+00 -8.130156678924644886e-01 5.109952988699084479e-03 -2.591662392969269063e-02
-2.199999999999993072e-01 8.445811865595489465e+00 -7.828650241427828060e-01 4.996045324846845777e-03 -2.805558426546358661e-02
-1.999999999999992895e-01 7.814025615333190622e+00 -7.459031835661814602e-01 5.022550891017601472e-03 -3.027427516799783766e-02
-1.799999999999992717e-01 7.081047942127757899e+00 -7.003310684275593223e-01 5.145949759451816027e-03 -3.267178966824176023e-02
-1.599999999999992539e-01 6.245323662924589847e+00 -6.443212574824765948e-01 5.578036940127396696e-03 -3.496409738747656426e-02
-1.399999999999992362e-01 5.322009317942199225e+00 -5.763628870707444563e-01 6.534764654273597304e-03 -3.672255151947673851e-02
-1.199999999999992184e-01 4.355427836674740760e+00 -4.953655863783215652e-01 8.083739165540053395e-03 -3.774865307904391037e-02
-9.999999999999920064e-02 3.429890732723338775e+00 -4.033237176998489271e-01 1.064787793402210449e-02 -3.717572988291143604e-02
-7.999999999999918288e-02 2.663713722628975766e+00 -3.056937200385254072e-01 1.408177444039968723e-02 -3.452266670252891051e-02
-5.999999999999916511e-02 2.166198176280735854e+00 -2.125994543362568490e-01 1.864133924283179616e-02 -2.971025959910118808e-02
-3.999999999999914735e-02 1.962565813813160753e+00 -1.363119372954432751e-01 2.319761516264872911e-02 -2.385778814178508150e-02
-1.999999999999912959e-02 1.951940481346560841e+00 -8.700929086768242893e-02 2.669438203830285655e-02 -1.892880888478389381e-02
8.881784197001252323e-16 1.974373863308596766e+00 -7.010673899772167095e-02 2.801387631963075595e-02 -1.699198736261805370e-02
2.000000000000090594e-02 1.951940481355221024e+00 -8.700926983001679160e-02 2.669442598018850754e-02 -1.892881491303012934e-02
4.000000000000092371e-02 1.962565813904197931e+00 -1.363119142036986475e-01 2.319782991534877908e-02 -2.385779125134167636e-02
6.000000000000094147e-02 2.166198176144639831e+00 -2.125994578007435465e-01 1.864136506135823795e-02 -2.971026327240299664e-02
8.000000000000095923e-02 2.663713722647052418e+00 -3.056937039945109569e-01 1.408179465289995796e-02 -3.452267307314883793e-02
1.000000000000009770e-01 3.429890732570124001e+00 -4.033236995440483974e-01 1.064780581619460126e-02 -3.717573398005103585e-02
1.200000000000009948e-01 4.355427836701855959e+00 -4.953655984815854008e-01 8.083759272524339290e-03 -3.774865524396848332e-02
1.400000000000010125e-01 5.322009317997250299e+00 -5.763628992415219532e-01 6.534505772613158694e-03 -3.672254608894322259e-02
1.600000000000010303e-01 6.245323662955398980e+00 -6.443212493528052143e-01 5.578046000571005615e-03 -3.496410293226776683e-02
1.800000000000010481e-01 7.081047942088628311e+00 -7.003310584330703081e-01 5.145913356044665328e-03 -3.267179733940019093e-02
2.000000000000010658e-01 7.814025615764371047e+00 -7.459031800019303438e-01 5.022719643695279512e-03 -3.027427439372478921e-02
2.200000000000010836e-01 8.445811865701307042e+00 -7.828650188863832682e-01 4.995950113509237470e-03 -2.805558916374203265e-02
2.400000000000011013e-01 8.985757322373293832e+00 -8.130156832307751102e-01 5.110465495128258505e-03 -2.591659681476654251e-02
2.600000000000011191e-01 9.445827359084491448e+00 -8.377102545100346687e-01 5.307344147612901367e-03 -2.399302962076736018e-02
2.800000000000011369e-01 9.837985972717550709e+00 -8.580197977191784675e-01 5.476145447730214853e-03 -2.232271301280001202e-02
3.000000000000011546e-01 1.017307489545296129e+01 -8.749230073829606935e-01 5.689218175194455523e-03 -2.082785657812168470e-02
3.200000000000011724e-01 1.046044318232421233e+01 -8.890855018007433053e-01 5.882316928055994314e-03 -1.951194092510229183e-02
3.400000000000011902e-01 1.070795131887354223e+01 -9.010400421157918061e-01 6.053609192597694463e-03 -1.835502022821984200e-02
3.600000000000012079e-01 1.092211987938081741e+01 -9.112037886379051876e-01 6.202529390514882612e-03 -1.733341876207879217e-02
3.800000000000012257e-01 1.110831717543994657e+01 -9.199439706030475561e-01 6.329450534909755732e-03 -1.641235343755290468e-02
4.000000000000012434e-01 1.127096815880450187e+01 -9.274599891078538771e-01 6.469528595361138425e-03 -1.561235792828170529e-02
4.200000000000012612e-01 1.141370964916195341e+01 -9.339629934413749002e-01 6.598854860605675617e-03 -1.490932813875656647e-02
4.400000000000012790e-01 1.153953210505934024e+01 -9.396679126892191203e-01 6.716159478084507070e-03 -1.428266068447206841e-02
4.600000000000012967e-01 1.165092351547917460e+01 -9.446683828940167782e-01 6.817568775416880424e-03 -1.371731331437742694e-02
4.800000000000013145e-01 1.174994191198656779e+01 -9.490770861439956629e-01 6.911678967669382216e-03 -1.320951831706504431e-02
5.000000000000013323e-01 1.183830871352582648e+01 -9.529749998449262849e-01 6.988823319471202875e-03 -1.286318612429599578e-02
5.200000000000013500e-01 1.191745230270646516e+01 -9.564639470675392330e-01 7.230053164894669274e-03 -1.237374528409919752e-02
5.400000000000013678e-01 1.198859168666832709e+01 -9.595713664809525367e-01 7.141868295722469950e-03 -1.197435281605299662e-02
5.600000000000013856e-01 1.205274898885846291e+01 -9.623605636926695350e-01 7.224828816171288519e-03 -1.163149177423238555e-02
5.800000000000014033e-01 1.211079112328871332e+01 -9.648736179090179332e-01 7.280777330278842899e-03 -1.134007812395704771e-02
6.000000000000014211e-01 1.216345864835912494e+01 -9.671431171860864762e-01 7.253380622907216503e-03 -1.108082690673005063e-02
6.200000000000014388e-01 1.221138427369925239e+01 -9.692028093192133209e-01 7.378937861320658369e-03 -1.081187196024277139e-02
6.400000000000014566e-01 1.225511331622419142e+01 -9.710712896142222883e-01 7.441149052598270558e-03 -1.061817837382306000e-02
6.600000000000014744e-01 1.229511422902557349e+01 -9.727831448896174793e-01 7.539599588816040324e-03 -1.037166422673385137e-02
6.800000000000014921e-01 1.233179417542971201e+01 -9.743424576636561252e-01 7.512449666586732897e-03 -1.017829409247475447e-02
7.000000000000015099e-01 1.236550823426001777e+01 -9.757701715985540591e-01 7.621070950446816490e-03 -1.006138630335657799e-02
7.200000000000015277e-01 1.239656015231873631e+01 -9.770880840405113954e-01 7.618897048325004064e-03 -9.837202009246441906e-03
7.400000000000015454e-01 1.242522376548489227e+01 -9.782987669810800924e-01 7.604911074110896896e-03 -9.681819995939866530e-03
7.600000000000015632e-01 1.245173440964206790e+01 -9.794180358459300129e-01 7.659901382165519926e-03 -9.523432018575349670e-03
7.800000000000015810e-01 1.247630033802903249e+01 -9.804514641726854718e-01 7.685882707956418966e-03 -9.404126005615284778e-03
8.000000000000015987e-01 1.249910645765544537e+01 -9.814063285243743717e-01 7.786491249070222331e-03 -9.323949157456079204e-03
8.200000000000016165e-01 1.252031402161816587e+01 -9.822964100511317742e-01 7.801081158703536064e-03 -9.208201850079450468e-03
8.400000000000016342e-01 1.254006812544687222e+01 -9.831258199519424812e-01 7.746876881724356484e-03 -9.065074489161051297e-03
8.600000000000016520e-01 1.255849853644890324e+01 -9.838973465703823029e-01 7.766197491143775680e-03 -8.964798627391201008e-03
8.800000000000016698e-01 1.257571984740432391e+01 -9.846178673552692384e-01 7.818037966548197285e-03 -8.854015912149319420e-03
9.000000000000016875e-01 1.259183446173245713e+01 -9.852889854812678649e-01 7.801183916523522603e-03 -8.785297823899125211e-03
9.200000000000017053e-01 1.260693502183978687e+01 -9.859180957877697882e-01 7.821940680071625199e-03 -8.694435031575208084e-03
9.400000000000017231e-01 1.262110402028801559e+01 -9.865083175121924786e-01 7.817396096638890360e-03 -8.621268769459644946e-03
9.600000000000017408e-01 1.263441636689717562e+01 -9.870623647143456081e-01 7.862390849817000107e-03 -8.555408258780995354e-03
9.800000000000017586e-01 1.264693909481188427e+01 -9.875822756974150796e-01 7.859928653851079583e-03 -8.480697032521841705e-03
1.000000000000001776e+00 1.265873343684374497e+01 -9.880707989805195268e-01 7.879039549812510632e-03 -8.422843675426023441e-03
