-1.000000000000000000e+00 1.270480215708895955e+01 -9.899772554161333504e-01 7.794646615708249703e-03 -8.175571775585309051e-03
-9.799999999999999822e-01 1.269567060393631586e+01 -9.896004660377247797e-01 7.938153277804978550e-03 -8.222234055833936572e-03
-9.599999999999999645e-01 1.268601953035148178e+01 -9.892007745150708242e-01 7.930642849923360757e-03 -8.273169282420224716e-03
-9.399999999999999467e-01 1.267580821328443541e+01 -9.887776564367243282e-01 7.919578999387097418e-03 -8.327667196962403387e-03
-9.199999999999999289e-01 1.266499248028194557e+01 -9.883298919253880044e-01 7.883989886799110808e-03 -8.390873577201874919e-03
-8.999999999999999112e-01 1.265352394521162971e+01 -9.878529262675367351e-01 7.879418097424102652e-03 -8.456337828048932775e-03
-8.799999999999998934e-01 1.264134939120298995e+01 -9.873462946377686844e-01 7.840384922561864298e-03 -8.525702737811944806e-03
-8.599999999999998757e-01 1.262840842271723041e+01 -9.868103216955228518e-01 7.853817283871203370e-03 -8.593632071425773636e-03
-8.399999999999998579e-01 1.261463714217584275e+01 -9.862374731015489671e-01 7.828164185862046542e-03 -8.660380846942464586e-03
-8.199999999999998401e-01 1.259996329241344881e+01 -9.856265810862229193e-01 7.814026289884853926e-03 -8.702299971679127930e-03
-7.999999999999998224e-01 1.258430431985649989e+01 -9.849732403923757706e-01 7.803097122255524438e-03 -8.831360000399806828e-03
-7.799999999999998046e-01 1.256757265145007629e+01 -9.842737039091171702e-01 7.783681569006500531e-03 -8.923499519043656680e-03
-7.599999999999997868e-01 1.254966807309125087e+01 -9.835241113088382114e-01 7.823020725357373098e-03 -9.059409979144115652e-03
-7.399999999999997691e-01 1.253048043199140160e+01 -9.827222777002005971e-01 7.907640265965222570e-03 -9.198647237293005458e-03
-7.199999999999997513e-01 1.250987582676672183e+01 -9.818562687920917575e-01 7.801071360265368453e-03 -9.268758229282038005e-03
-6.999999999999997335e-01 1.248772229212607776e+01 -9.809252941212326382e-01 7.794685839268279855e-03 -9.394196687848547708e-03
-6.799999999999997158e-01 1.246385582173480344e+01 -9.799255807579803079e-01 7.662556266070453918e-03 -9.474460048223484754e-03
-6.599999999999996980e-01 1.243809894141208261e+01 -9.788403794205995379e-01 7.631531352563095463e-03 -9.610706862570504716e-03
-6.399999999999996803e-01 1.241024622213621953e+01 -9.776649219240902688e-01 7.607632326282927349e-03 -9.758708476534686330e-03
-6.199999999999996625e-01 1.238006520690960599e+01 -9.763879740432637178e-01 7.570518770366754802e-03 -9.921249915436599828e-03
-5.999999999999996447e-01 1.234729068505161642e+01 -9.749996115349113257e-01 7.534329239915048965e-03 -1.007019882964906542e-02
-5.799999999999996270e-01 1.231161817250521828e+01 -9.734808018203645608e-01 7.555617544690656009e-03 -1.028673683227694820e-02
-5.599999999999996092e-01 1.227269834010727756e+01 -9.718222076421128008e-01 7.467798718149114279e-03 -1.050238011901859746e-02
-5.399999999999995914e-01 1.223012767442859072e+01 -9.700033358013834262e-01 7.397556610768895972e-03 -1.071313446409112580e-02
-5.199999999999995737e-01 1.218343872177372056e+01 -9.679989525316536891e-01 7.291971565422897261e-03 -1.096032906504566633e-02
-4.999999999999995559e-01 1.213209085855535285e+01 -9.658022547990872120e-01 7.313125878226172522e-03 -1.121653685108722764e-02
-4.799999999999995381e-01 1.207543652264366685e+01 -9.633412566268936272e-01 7.245564157335349087e-03 -1.152809241593816258e-02
-4.599999999999995204e-01 1.201274047555057400e+01 -9.606166118739600801e-01 7.134083777946208585e-03 -1.186870555358379535e-02
-4.399999999999995026e-01 1.194311669592164193e+01 -9.575828251814034742e-01 7.122618684725115848e-03 -1.221632022969773579e-02
-4.199999999999994849e-01 1.186551982817938367e+01 -9.541781864700944471e-01 6.944223640516309498e-03 -1.262976553422451298e-02
-3.999999999999994671e-01 1.177870173103300111e+01 -9.503479913071104512e-01 6.939945371635345209e-03 -1.306170514621740088e-02
-3.799999999999994493e-01 1.168116627230880056e+01 -9.460150174135839585e-01 6.847763458475189871e-03 -1.356392872349536198e-02
-3.599999999999994316e-01 1.157110757026616987e+01 -9.410862390450707160e-01 6.746359351896170573e-03 -1.412453500566821993e-02
-3.399999999999994138e-01 1.144633400834927883e+01 -9.354445514651468230e-01 6.631676539412109141e-03 -1.474944524003462577e-02
-3.199999999999993960e-01 1.130416172114568596e+01 -9.289787431141462992e-01 6.499591250946565486e-03 -1.544964908740076130e-02
-2.999999999999993783e-01 1.114129994426059689e+01 -9.214710796468337239e-01 6.359538805664781934e-03 -1.625213364315201969e-02
-2.799999999999993605e-01 1.095367003098321490e+01 -9.126824748290695011e-01 6.226448539568225048e-03 -1.718239916064097372e-02
-2.599999999999993427e-01 1.073618265986396025e+01 -9.023845508687687866e-01 6.075115495311833938e-03 -1.822305718543926548e-02
-2.399999999999993250e-01 1.048247713671343462e+01 -8.901534083602059555e-01 5.899889475362027694e-03 -1.941142906174140800e-02
-2.199999999999993072e-01 1.018453972204760127e+01 -8.754882109934127854e-01 5.698936223623736648e-03 -2.077748029912110730e-02
-1.999999999999992895e-01 9.832263690492631270e+00 -8.577211822371970662e-01 5.474671785293135605e-03 -2.234947204411205299e-02
-1.799999999999992717e-01 9.412924797044039948e+00 -8.359477864403440650e-01 5.307305750983805533e-03 -2.414898137352490884e-02
-1.599999999999992539e-01 8.910655701750711088e+00 -8.088362364334578114e-01 5.165505720984910586e-03 -2.624973213193977986e-02
-1.399999999999992362e-01 8.306132586440137189e+00 -7.748651019684194008e-01 4.976420628959462265e-03 -2.856328370642064948e-02
-1.199999999999992184e-01 7.577144737234591254e+00 -7.314907175126024175e-01 5.051328450828918362e-03 -3.108637649195074987e-02
-9.999999999999920064e-02 6.701485965004195577e+00 -6.754671848464505191e-01 5.296336531010564959e-03 -3.377413032241821655e-02
-7.999999999999918288e-02 5.665835086119416886e+00 -6.024455110875016617e-01 6.078593662908021202e-03 -3.622410848178937715e-02
-5.999999999999916511e-02 4.488099958508983356e+00 -5.072006865704585810e-01 7.819762271858463759e-03 -3.768903718805061143e-02
-3.999999999999914735e-02 3.266093545169034940e+00 -3.846839681558805180e-01 1.123584319771427781e-02 -3.684178935231292168e-02
-1.999999999999912959e-02 2.261523712549400322e+00 -2.346717577708382907e-01 1.748748587771609825e-02 -3.105797040547847096e-02
8.881784197001252323e-16 1.974373863307188115e+00 -7.010676840793553244e-02 2.801395675687255379e-02 -1.699197812785864514e-02
2.000000000000090594e-02 3.009493866807469331e+00 7.554520448165363833e-02 4.338858549038689810e-02 7.706276079579177200e-03
4.000000000000092371e-02 5.504895245210702726e+00 1.599107930361112484e-01 6.156989390643136106e-02 4.023561589029196750e-02
6.000000000000094147e-02 8.588779232055776092e+00 1.720796557200210131e-01 7.766479058892876430e-02 7.138236763928108852e-02
8.000000000000095923e-02 1.086894858413631937e+01 1.504620636367040021e-01 8.742730486656997979e-02 9.149538120914182948e-02
1.000000000000009770e-01 1.141345767155301694e+01 1.424591292040965074e-01 8.954899647747989466e-02 9.603034086789163926e-02
1.200000000000009948e-01 1.002963951020209521e+01 1.608021284380027893e-01 8.400383482483246567e-02 8.432331701449742589e-02
1.400000000000010125e-01 7.232193370260374898e+00 1.742436132647557090e-01 7.094605614166214769e-02 5.844220799946926032e-02
1.600000000000010303e-01 4.243561897304047648e+00 1.319303240909008301e-01 5.337303539365893801e-02 2.526635098849575045e-02
1.800000000000010481e-01 2.354228134117811067e+00 1.605340864963906641e-02 3.604941387311005885e-02 -4.591678171567483389e-03
2.000000000000010658e-01 1.970936367496614050e+00 -1.434897911918494307e-01 2.270879235029121118e-02 -2.449726050096791286e-02
2.200000000000010836e-01 2.654051462640564019e+00 -3.044194061837976473e-01 1.411349949016432216e-02 -3.447136613275005729e-02
2.400000000000011013e-01 3.802568966477521961e+00 -4.427401633515303803e-01 9.413745868021969679e-03 -3.766206498955523146e-02
2.600000000000011191e-01 5.025366834641886271e+00 -5.527708741423309480e-01 6.906176504280932965e-03 -3.716899052435432282e-02
2.800000000000011369e-01 6.145808549526112330e+00 -6.373627653320499409e-01 5.638555939184376926e-03 -3.519739782980272486e-02
3.000000000000011546e-01 7.109966715797854775e+00 -7.022165588682497406e-01 5.129556574350760921e-03 -3.257987316661040134e-02
3.200000000000011724e-01 7.917943124158962398e+00 -7.521531275899845381e-01 4.998133729631890586e-03 -2.991104207475036789e-02
3.400000000000011902e-01 8.588743088305891504e+00 -7.909585059177058897e-01 5.035734858291522099e-03 -2.751346408866270701e-02
3.600000000000012079e-01 9.145202125995300690e+00 -8.216812625686561455e-01 5.142968452240249955e-03 -2.527635493473271225e-02
3.800000000000012257e-01 9.608422996252713233e+00 -8.461912679244918412e-01 5.341455809527590956e-03 -2.333804188922819142e-02
4.000000000000012434e-01 9.996184301956803964e+00 -8.660626062510904388e-01 5.573760857760852450e-03 -2.162004637220928463e-02
4.200000000000012612e-01 1.032289905197789714e+01 -8.823551105081997026e-01 5.784850326965788880e-03 -2.014261656487542282e-02
4.400000000000012790e-01 1.060006003162449595e+01 -8.958653573508407186e-01 5.974994050631499826e-03 -1.885947972845592943e-02
4.600000000000012967e-01 1.083678219665273801e+01 -9.071825381503528796e-01 6.139555253382442297e-03 -1.774065927417134078e-02
4.800000000000013145e-01 1.104029363550651688e+01 -9.167812331212176202e-01 6.269494787138188419e-03 -1.674204980696293935e-02
5.000000000000013323e-01 1.121635344606140272e+01 -9.249531018381482728e-01 6.419268455968444968e-03 -1.587943775558574300e-02
5.200000000000013500e-01 1.136956600355852487e+01 -9.319787316245338182e-01 6.552041198676319955e-03 -1.512196625124511036e-02
5.400000000000013678e-01 1.150363920975434340e+01 -9.380528198986626265e-01 6.681020974089988546e-03 -1.446084779462928141e-02
5.600000000000013856e-01 1.162157465777871934e+01 -9.433605650517489227e-01 6.787828920476266480e-03 -1.386507639122154696e-02
5.800000000000014033e-01 1.172582292477366650e+01 -9.480114207900686152e-01 6.886391424251653293e-03 -1.333180130495233498e-02
6.000000000000014211e-01 1.181839349589020394e+01 -9.521110524634507355e-01 6.975446244872612368e-03 -1.285044979162803039e-02
6.200000000000014388e-01 1.190094866337061319e+01 -9.557448447891514487e-01 7.292523337893395095e-03 -1.247943243042306041e-02
6.400000000000014566e-01 1.197486017982089379e+01 -9.589768392561400789e-01 7.113293301113884394e-03 -1.204453104366184912e-02
6.600000000000014744e-01 1.204128825502501954e+01 -9.618673494178699990e-01 7.198739708451568249e-03 -1.170176135407501733e-02
6.800000000000014921e-01 1.210119920025867124e+01 -9.644634335572802586e-01 7.282325171291117658e-03 -1.139075486318320667e-02
7.000000000000015099e-01 1.215541155269220930e+01 -9.668005128348730048e-01 7.273935381422200717e-03 -1.111735316863192782e-02
7.200000000000015277e-01 1.220462023692451403e+01 -9.689155712742846260e-01 7.369376775338251466e-03 -1.084680600410880581e-02
7.400000000000015454e-01 1.224941991266908659e+01 -9.708284161572858784e-01 7.432207284919473134e-03 -1.067657848444031679e-02
7.600000000000015632e-01 1.229031542779183184e+01 -9.725829807118105963e-01 7.565251458526370786e-03 -1.038971086547443683e-02
7.800000000000015810e-01 1.232774714631764468e+01 -9.741727958306853896e-01 7.506655511792020320e-03 -1.019615305558864427e-02
8.000000000000015987e-01 1.236209381487257808e+01 -9.756317160589292881e-01 7.505526576452382567e-03 -9.986693432712757598e-03
8.200000000000016165e-01 1.239368220006188359e+01 -9.769693547903126607e-01 7.605228609228097125e-03 -9.849450773763857719e-03
8.400000000000016342e-01 1.242280084184835687e+01 -9.782012507870462281e-01 7.864943141697163659e-03 -9.698508778292348753e-03
8.600000000000016520e-01 1.244969633917428276e+01 -9.793310050484986817e-01 7.645243976164278234e-03 -9.560282961031283874e-03
8.800000000000016698e-01 1.247459278365732160e+01 -9.803841276387520454e-01 7.563414613470787265e-03 -9.457419849162084294e-03
9.000000000000016875e-01 1.249767693326746709e+01 -9.813477855615524437e-01 7.809799097209530437e-03 -9.342734148603488997e-03
9.200000000000017053e-01 1.251912328998524693e+01 -9.822494102766904378e-01 7.787576930293303376e-03 -9.208191283708755392e-03
9.400000000000017231e-01 1.253908290629357403e+01 -9.830860213942432813e-01 7.794050256130549345e-03 -9.096298517602144362e-03
9.600000000000017408e-01 1.255768924280682874e+01 -9.838640862810871246e-01 7.819292075958762106e-03 -8.992111404925489521e-03
9.800000000000017586e-01 1.257506115892837961e+01 -9.845913540352605464e-01 7.820907789383201372e-03 -8.871376508082472190e-03
1.000000000000001776e+00 1.259130578613151030e+01 -9.852679545515836690e-01 7.835594674493856146e-03 -8.796011808532256185e-03
