-1.000000000000000000e+00 1.442238357323387987e+01 -9.919310204799900443e-01 3.032857421902924663e-02 -9.612899019221689614e-03
-9.799999999999999822e-01 1.441404429629483097e+01 -9.915993604900232850e-01 3.024912789445074676e-02 -9.655668702738129036e-03
-9.599999999999999645e-01 1.440518583485119919e+01 -9.912465217624488734e-01 3.031458683321678477e-02 -9.700149845715665825e-03
-9.399999999999999467e-01 1.439576591796745575e+01 -9.908692841469751711e-01 3.027428132734133123e-02 -9.756590106857003161e-03
-9.199999999999999289e-01 1.438573199497911936e+01 -9.904713021882571855e-01 3.025347904438994290e-02 -9.807015520238172510e-03
-8.999999999999999112e-01 1.437503422781497875e+01 -9.900448608876053491e-01 3.023195267841691930e-02 -9.856820760573170928e-03
-8.799999999999998934e-01 1.436361229942993667e+01 -9.895896180657681729e-01 3.018675432541787634e-02 -9.872025295988434701e-03
-8.599999999999998757e-01 1.435139788461096444e+01 -9.891020318861463156e-01 3.004081920609572715e-02 -9.939739423968746782e-03
-8.399999999999998579e-01 1.433831609552872344e+01 -9.885781708764721509e-01 3.017143141075067508e-02 -1.005665100206771211e-02
-8.199999999999998401e-01 1.432428585166481128e+01 -9.880172874457787691e-01 3.013364923221229993e-02 -1.013264977625361746e-02
-7.999999999999998224e-01 1.430921190376537844e+01 -9.874126944322925148e-01 3.019952478829502837e-02 -1.020124908669607124e-02
-7.799999999999998046e-01 1.429299133415155865e+01 -9.867575720203052292e-01 3.003779081334917445e-02 -1.033368708490146545e-02
-7.599999999999997868e-01 1.427550035880996582e+01 -9.860611978258710941e-01 3.008635744597340511e-02 -1.041373891018913811e-02
-7.399999999999997691e-01 1.425660613889934858e+01 -9.853002324941776413e-01 3.001265106683229794e-02 -1.048682927994808341e-02
-7.199999999999997513e-01 1.423615853149477140e+01 -9.844745661811138415e-01 3.005695741317370578e-02 -1.061446420171207466e-02
-6.999999999999997335e-01 1.421398058147579135e+01 -9.835836960460285772e-01 2.983759770747423240e-02 -1.068480037479822495e-02
-6.799999999999997158e-01 1.418987397044197252e+01 -9.826085891989680965e-01 2.992924051931626292e-02 -1.083041583867406892e-02
-6.599999999999996980e-01 1.416361052603533288e+01 -9.815476919108436782e-01 2.988905360627056029e-02 -1.096311652203407587e-02
-6.399999999999996803e-01 1.413492967186463645e+01 -9.803809622923680411e-01 2.979966923069460663e-02 -1.110416269980424656e-02
-6.199999999999996625e-01 1.410352159783513848e+01 -9.791100928963928363e-01 2.979549786495030647e-02 -1.127309300708177753e-02
-5.999999999999996447e-01 1.406904035312602375e+01 -9.777064009423775959e-01 2.973576398794514769e-02 -1.144945817287033873e-02
-5.799999999999996270e-01 1.403107738471175914e+01 -9.761587087263041695e-01 2.957011512634120931e-02 -1.155851615427348593e-02
-5.599999999999996092e-01 1.398914383564135200e+01 -9.744359438741710955e-01 2.960982037623058685e-02 -1.185905308549208004e-02
-5.399999999999995914e-01 1.394268114932464719e+01 -9.725322125417755759e-01 2.953751351551554827e-02 -1.209565649355721917e-02
-5.199999999999995737e-01 1.389102417192009398e+01 -9.704058184254982233e-01 2.951662227205475650e-02 -1.235075983177977114e-02
-4.999999999999995559e-01 1.383338350727854760e+01 -9.680104868309771238e-01 2.931072722313728465e-02 -1.272959544983074363e-02
-4.799999999999995381e-01 1.376880334229183234e+01 -9.653452931361858891e-01 2.925630209916319988e-02 -1.297008460403666248e-02
-4.599999999999995204e-01 1.369616349734466709e+01 -9.623051764567125410e-01 2.912232799890831364e-02 -1.334765326600248318e-02
-4.399999999999995026e-01 1.361408366810049309e+01 -9.588855484519626105e-01 2.888526436945370451e-02 -1.375413057149641079e-02
-4.199999999999994849e-01 1.352089921689595009e+01 -9.549455223691583061e-01 2.886949598592258859e-02 -1.420782814000931364e-02
-3.999999999999994671e-01 1.341457723689891424e+01 -9.504319965931943281e-01 2.870214345875829465e-02 -1.473593066729683883e-02
-3.799999999999994493e-01 1.329260639826335044e+01 -9.452098379550494256e-01 2.847861425425685447e-02 -1.535021869103082165e-02
-3.599999999999994316e-01 1.315187544835754707e+01 -9.391325455411773104e-01 2.823263591819740945e-02 -1.603760001546125635e-02
-3.399999999999994138e-01 1.298850085436247959e+01 -9.320083556864332541e-01 2.800044172095404391e-02 -1.680729991425858674e-02
-3.199999999999993960e-01 1.279760438929435828e+01 -9.235898572831627851e-01 2.778206349385328733e-02 -1.768070884793384798e-02
-2.999999999999993783e-01 1.257302163253335969e+01 -9.135473599279563262e-01 2.749888064378366165e-02 -1.869553829093597783e-02
-2.799999999999993605e-01 1.230692499145384744e+01 -9.014366934787815255e-01 2.702425367607682802e-02 -1.988582449964923504e-02
-2.599999999999993427e-01 1.198934717299800212e+01 -8.867241590631085302e-01 2.662746138399480975e-02 -2.126882677730041263e-02
-2.399999999999993250e-01 1.160762291429126769e+01 -8.686286012409487611e-01 2.583111459695549075e-02 -2.280374333521301491e-02
-2.199999999999993072e-01 1.114576180096290337e+01 -8.460568364760450155e-01 2.582683127610721149e-02 -2.481482763509911330e-02
-1.999999999999992895e-01 1.058401471401562333e+01 -8.176600942526974780e-01 2.492478875024723914e-02 -2.693263927853635498e-02
-1.799999999999992717e-01 9.899044747411959833e+00 -7.815845800328367066e-01 2.415708008253366831e-02 -2.929181714622980034e-02
-1.599999999999992539e-01 9.065876930778077991e+00 -7.352572406065637223e-01 2.341623101328430337e-02 -3.186483969363542584e-02
-1.399999999999992362e-01 8.063971159180630011e+00 -6.756746165171667595e-01 2.260756633661891238e-02 -3.446526896671326529e-02
-1.199999999999992184e-01 6.891323906619894579e+00 -5.996807035833374711e-01 2.197457254573060084e-02 -3.655138946692322588e-02
-9.999999999999920064e-02 5.590295626782396887e+00 -5.049956399307424793e-01 2.162670307199749883e-02 -3.763940406729442134e-02
-7.999999999999918288e-02 4.279238412633689315e+00 -3.937853183451094363e-01 2.196464684919121821e-02 -3.649008727063411672e-02
-5.999999999999916511e-02 3.154541486031988917e+00 -2.756081342305496396e-01 2.321900442512956839e-02 -3.239835250620758111e-02
-3.999999999999914735e-02 2.404035622028037000e+00 -1.693639323624789583e-01 2.522960256006559487e-02 -2.592935783784290973e-02
-1.999999999999912959e-02 2.057565352839787032e+00 -9.604065853516290108e-02 2.718866219613287269e-02 -1.963706303897476413e-02
8.881784197001252323e-16 1.974373863308596766e+00 -7.010673899772167095e-02 2.801387631963075595e-02 -1.699198736261805370e-02
2.000000000000090594e-02 2.057565352799986869e+00 -9.604071230602856390e-02 2.718861025431062658e-02 -1.963705173925943057e-02
4.000000000000092371e-02 2.404035621923976240e+00 -1.693639665616462620e-01 2.522947681827898345e-02 -2.592934941792611817e-02
6.000000000000094147e-02 3.154541485441378246e+00 -2.756081501321439586e-01 2.321890536865533691e-02 -3.239835504393236837e-02
8.000000000000095923e-02 4.279238412638276756e+00 -3.937853346455478243e-01 2.196466515777611636e-02 -3.649007847709930669e-02
1.000000000000009770e-01 5.590295626562955533e+00 -5.049956571848063236e-01 2.162645122594931621e-02 -3.763939449807814086e-02
1.200000000000009948e-01 6.891323907025137530e+00 -5.996806939853369656e-01 2.197479415808142877e-02 -3.655139129323489028e-02
1.400000000000010125e-01 8.063971159265282296e+00 -6.756746015447689935e-01 2.260763187189477469e-02 -3.446527918567857812e-02
1.600000000000010303e-01 9.065876930668506972e+00 -7.352572472236981183e-01 2.341612595513484218e-02 -3.186483222679747929e-02
1.800000000000010481e-01 9.899044747577329773e+00 -7.815845831255306964e-01 2.415692006252372417e-02 -2.929181286792485045e-02
2.000000000000010658e-01 1.058401471381128012e+01 -8.176601006950721118e-01 2.492470236283762103e-02 -2.693263176548902488e-02
2.200000000000010836e-01 1.114576180123811255e+01 -8.460568385435998096e-01 2.582684755116070735e-02 -2.481482779038169523e-02
2.400000000000011013e-01 1.160762296422863749e+01 -8.686286037457255915e-01 2.582824735920296461e-02 -2.280339436098193298e-02
2.600000000000011191e-01 1.198934717303468567e+01 -8.867241491696536970e-01 2.662745907571417020e-02 -2.126882548488140748e-02
2.800000000000011369e-01 1.230692500197780603e+01 -9.014365660780112588e-01 2.702455543472306182e-02 -1.988584277904627273e-02
3.000000000000011546e-01 1.257302163192447075e+01 -9.135473993371358015e-01 2.749879789949633349e-02 -1.869543055519696725e-02
3.200000000000011724e-01 1.279760438675027068e+01 -9.235899062063085418e-01 2.778249423889354516e-02 -1.768055246584200949e-02
3.400000000000011902e-01 1.298850087407521237e+01 -9.320082002707711366e-01 2.799901137609407675e-02 -1.680796784225916871e-02
3.600000000000012079e-01 1.315187544794574315e+01 -9.391325547758860859e-01 2.823259480862484738e-02 -1.603759363679276365e-02
3.800000000000012257e-01 1.329260639766079066e+01 -9.452098579020064006e-01 2.847858803040769979e-02 -1.535021833684463953e-02
4.000000000000012434e-01 1.341457723546307612e+01 -9.504320306598790236e-01 2.870247130665366797e-02 -1.473573787961077360e-02
4.200000000000012612e-01 1.352089921822319774e+01 -9.549454976888219759e-01 2.886962904737386260e-02 -1.420785181870239805e-02
4.400000000000012790e-01 1.361408368351657039e+01 -9.588855747231236348e-01 2.888512377829469818e-02 -1.375418819590543303e-02
4.600000000000012967e-01 1.369616348783771542e+01 -9.623052085528568389e-01 2.912277706077335410e-02 -1.334750972065806493e-02
4.800000000000013145e-01 1.376880334233928593e+01 -9.653452920874142640e-01 2.925652506130679842e-02 -1.297008547480354469e-02
5.000000000000013323e-01 1.383338350594549304e+01 -9.680104896421187766e-01 2.931060810644193701e-02 -1.272957562029394633e-02
5.200000000000013500e-01 1.389102417498001252e+01 -9.704058143707744444e-01 2.951672032833988282e-02 -1.235068968332812128e-02
5.400000000000013678e-01 1.394268116609838160e+01 -9.725321549072706295e-01 2.953770251491763185e-02 -1.209565487265041109e-02
5.600000000000013856e-01 1.398914383546024176e+01 -9.744359457157256710e-01 2.961002464250493335e-02 -1.185903566533068679e-02
5.800000000000014033e-01 1.403107738443021368e+01 -9.761587076435830346e-01 2.957006054477549772e-02 -1.155852812000611116e-02
6.000000000000014211e-01 1.406904035442428480e+01 -9.777063535956395102e-01 2.973641114031487509e-02 -1.144963019492038422e-02
6.200000000000014388e-01 1.410352159778362235e+01 -9.791100907526466557e-01 2.979533157029442408e-02 -1.127309852590051981e-02
6.400000000000014566e-01 1.413493064616688599e+01 -9.803798806710672942e-01 2.979958514724411964e-02 -1.110492495610004154e-02
6.600000000000014744e-01 1.416361075236647338e+01 -9.815487747036870658e-01 2.992736302449991795e-02 -1.096844930344920491e-02
6.800000000000014921e-01 1.418987385872378049e+01 -9.826095882341291388e-01 2.992525850883620900e-02 -1.083923842698402210e-02
7.000000000000015099e-01 1.421398027972372091e+01 -9.835825244610483242e-01 3.002113858148254891e-02 -1.071345323697261986e-02
7.200000000000015277e-01 1.423616055268456471e+01 -9.844721995237049050e-01 2.997826608683147251e-02 -1.060742400713954314e-02
7.400000000000015454e-01 1.425660613469535498e+01 -9.853001946649002640e-01 3.001529567722717451e-02 -1.048647080836449114e-02
7.600000000000015632e-01 1.427550077911884152e+01 -9.860604384154599833e-01 3.009850595800472178e-02 -1.043217182100984047e-02
7.800000000000015810e-01 1.429299084560907573e+01 -9.867580641488790105e-01 3.002702543458295875e-02 -1.033442816368291932e-02
8.000000000000015987e-01 1.430921189937618010e+01 -9.874122652699776070e-01 3.005422773942409420e-02 -1.021619173812639628e-02
8.200000000000016165e-01 1.432428819809833165e+01 -9.880152657555197893e-01 2.986474425004137859e-02 -1.009863464325098069e-02
8.400000000000016342e-01 1.433831608316650730e+01 -9.885778156102184022e-01 3.019369197760764234e-02 -1.005996081780104363e-02
8.600000000000016520e-01 1.435140122769050031e+01 -9.890958804059341025e-01 3.026884530069539128e-02 -1.003090401003711545e-02
8.800000000000016698e-01 1.436361276809719278e+01 -9.895911724849910662e-01 3.008059161466207498e-02 -9.865522807370918218e-03
9.000000000000016875e-01 1.437503421810661131e+01 -9.900447088125787776e-01 3.023263835500724500e-02 -9.862581841476099342e-03
9.200000000000017053e-01 1.438573199497428057e+01 -9.904713015304484891e-01 3.025337886178768379e-02 -9.807030278594410996e-03
9.400000000000017231e-01 1.439576458528707725e+01 -9.908711729937602630e-01 3.026521990430470002e-02 -9.753426490690586190e-03
9.600000000000017408e-01 1.440518614797261066e+01 -9.912454274203932325e-01 3.026634784441659815e-02 -9.707039114199952218e-03
9.800000000000017586e-01 1.441404418405669929e+01 -9.915989579422515021e-01 3.030343970082571142e-02 -9.657070165709042212e-03
1.000000000000001776e+00 1.442238350554119464e+01 -9.919305857450720909e-01 3.031171219415310092e-02 -9.615731139287922100e-03
