-1.000000000000000000e+00 1.265036739636241059e+01 9.432779550028154436e-02 -4.759250839838392172e-02 -9.777976449566027489e-04 2.442462391783340857e-05 -9.881589318472312478e-01 7.617488240442904686e-03 -8.281243524389551511e-03
-9.799999999999999822e-01 1.263904054762534379e+01 9.467365901807960060e-02 -5.534621538686432946e-02 1.488340920953687332e-03 1.612089794341877574e-04 -9.877075370759719197e-01 7.625226051296403462e-03 -8.332321622595371263e-03
-9.599999999999999645e-01 1.262520954469997037e+01 9.260415678809333362e-02 -4.413380444006388681e-02 8.368411619955475706e-04 -1.068674181336388539e-03 -9.871528230441922735e-01 7.584884773155882269e-03 -8.403511402642529354e-03
-9.399999999999999467e-01 1.261814047718517884e+01 3.438832111832774291e-02 -5.321314177252219751e-02 8.749137804255568973e-03 -4.614455346811812721e-03 -9.866563265900566426e-01 7.603175810298765797e-03 -8.668738361851519719e-03
-9.199999999999999289e-01 1.260303571133514566e+01 9.205225217149323735e-02 -8.960395929745944288e-02 -2.210941695765182135e-03 1.961432933178288048e-03 -9.862657383597547289e-01 7.550388449574049754e-03 -8.503904105252278744e-03
-8.999999999999999112e-01 1.257839655626654718e+01 9.332591639063222977e-02 -1.456510891508787028e-02 7.060136887125857859e-04 6.548190299685442001e-04 -9.852711970070761049e-01 7.496387279358416797e-03 -8.612936590586237756e-03
-8.799999999999998934e-01 1.256644013945389560e+01 9.300060339460176906e-02 -5.263206966193573894e-02 1.539837108182894130e-03 -2.688614607273538508e-03 -9.847942129888127560e-01 7.487214608149351039e-03 -8.681201838748507649e-03
-8.599999999999998757e-01 1.256202467127171296e+01 7.579066058023760377e-02 -1.197930142759804917e-01 5.099903431468168165e-06 -3.834102235416980003e-04 -9.845930219298881791e-01 7.536371852339115128e-03 -8.710782092383604486e-03
-8.399999999999998579e-01 1.254634692017808462e+01 7.392167692253907851e-02 -1.268381409403865345e-01 -6.754702015221276078e-04 2.184188752495620171e-04 -9.839568327709281581e-01 7.489001372951606568e-03 -8.813395994592904473e-03
-8.199999999999998401e-01 1.252578101451589809e+01 7.716018467493615529e-02 -1.196406445027490273e-01 -2.501093585812943099e-04 -1.301311416208972109e-04 -9.831323111991411290e-01 7.407107277394002313e-03 -8.875246072363018185e-03
-7.999999999999998224e-01 1.250670380621637534e+01 7.424971282615390467e-02 -1.219133950774777680e-01 2.478756022457990690e-04 -1.586851539170444636e-04 -9.823533767556446028e-01 7.371215161970609206e-03 -8.957467256088341712e-03
-7.799999999999998046e-01 1.249076798830827251e+01 8.562689215893415362e-02 -1.401760456717617287e-01 -1.022514458381624733e-02 -9.530089883089332614e-04 -9.817280523129250369e-01 7.298700410132473969e-03 -9.036145190688212384e-03
-7.599999999999997868e-01 1.246715520107557573e+01 6.257631093461911431e-02 -1.300471980066128797e-01 1.086035710023364187e-02 1.999934682591064921e-04 -9.806950185638206863e-01 7.334813335789548000e-03 -9.178552087679094432e-03
-7.399999999999997691e-01 1.239305910575916592e+01 9.554868672962517351e-02 9.529757171953630313e-02 6.540223358830364250e-05 3.246692673691567942e-05 -9.777806168500857709e-01 7.147403366412077852e-03 -9.495176985751294096e-03
-7.199999999999997513e-01 1.236184591594824411e+01 9.564447665488927386e-02 9.544606757975475364e-02 -8.847193156118004316e-05 -3.801730008830451904e-05 -9.765045304308995755e-01 7.088885869720195666e-03 -9.641299803315961370e-03
-6.999999999999997335e-01 1.232793591524080234e+01 9.562676260728086852e-02 9.607181689904586985e-02 -1.062699094987130857e-04 3.865589714617701390e-04 -9.751203357575712882e-01 7.133756137798901407e-03 -9.798081618860818645e-03
-6.799999999999997158e-01 1.229100881046646698e+01 9.553017957028268892e-02 9.606363705341330883e-02 2.907689868337549628e-04 -5.636769780800241327e-04 -9.736103916313649798e-01 6.937955803884231741e-03 -9.976596314145195002e-03
-6.599999999999996980e-01 1.225069918337035446e+01 9.569149709406554738e-02 9.652865668413086742e-02 -6.330611577290957102e-04 1.237733308630837659e-04 -9.719556727600804358e-01 6.969643340594917913e-03 -1.016740567835656799e-02
-6.399999999999996803e-01 1.220657493456915965e+01 9.559521827283860851e-02 9.536274083996056083e-02 2.049491944713485898e-04 7.550901174321140909e-07 -9.701454386026144849e-01 6.797229918960641208e-03 -1.034253641830851396e-02
-6.199999999999996625e-01 1.215815492592449054e+01 9.561023578038786719e-02 9.709093813988742272e-02 2.538009108487564885e-05 2.783936387009512204e-05 -9.681413506519077616e-01 6.703164284247347185e-03 -1.059139924114252396e-02
-5.999999999999996447e-01 1.210484925235324738e+01 9.553721500354568630e-02 9.604077194335362833e-02 -1.280925542611723381e-04 6.555658153863824257e-05 -9.659441026340781500e-01 6.697248504521684243e-03 -1.082970327659617781e-02
-5.799999999999996270e-01 1.204605849828441144e+01 9.506498454367312556e-02 1.003411333166297492e-01 -4.081328399535902578e-05 5.970071378792618662e-06 -9.634702723738391983e-01 6.537086514562917561e-03 -1.114524074413861254e-02
-5.599999999999996092e-01 1.198078129268869674e+01 9.557997203847599932e-02 9.552072609747944143e-02 -3.084785501731699851e-04 -9.235810822468148063e-05 -9.607721504560736703e-01 6.364136737014570305e-03 -1.137343380148282332e-02
-5.399999999999995914e-01 1.190828106049904456e+01 9.506811836269407623e-02 9.574100260617819658e-02 1.604372878249326522e-05 -4.757307587712871757e-05 -9.577297067884911197e-01 6.241443616490411836e-03 -1.171643988815508283e-02
-5.199999999999995737e-01 1.182736592575771084e+01 9.557144132724201824e-02 9.602146578533794774e-02 9.036832892133020846e-05 -2.725476094381664273e-04 -9.543148859690449015e-01 6.064509692153743220e-03 -1.210494634445282228e-02
-4.999999999999995559e-01 1.173669145423801830e+01 9.549244329714343116e-02 9.585513325723382660e-02 1.544492667205644423e-04 -1.859728604375848575e-04 -9.504761727303800978e-01 5.909520851778954365e-03 -1.251440751759841721e-02
-4.799999999999995381e-01 1.163463593723539624e+01 9.556899709563207446e-02 9.590034107857595136e-02 4.018596303240076859e-05 -1.445809587976162544e-05 -9.461223880401524733e-01 5.747442433990577158e-03 -1.294845675856845513e-02
-4.599999999999995204e-01 1.151923380269731112e+01 9.604327692712745501e-02 9.564456406376722897e-02 1.295046727937990919e-04 -3.937695551409763100e-05 -9.411619847517721515e-01 5.544558366009443885e-03 -1.344936927066522903e-02
-4.399999999999995026e-01 1.138807416310605802e+01 9.587307795861456372e-02 9.576991902958513492e-02 2.191225547234822439e-04 -2.137753032293538227e-05 -9.354850413036709389e-01 5.305410308216759394e-03 -1.404014477088797938e-02
-4.199999999999994849e-01 1.123819525522387863e+01 9.557091762345953923e-02 9.523804521485355890e-02 1.739300808330030887e-04 -6.635111495769871730e-05 -9.289144615364610669e-01 5.016639302889210929e-03 -1.469566521817091895e-02
-3.999999999999994671e-01 1.106591278094595943e+01 9.548610919853481316e-02 9.563201286393951950e-02 -2.728236095160096585e-07 -1.487954520363681497e-04 -9.213250235054518678e-01 4.751778167103396996e-03 -1.541414347990861800e-02
-3.799999999999994493e-01 1.086662397543959457e+01 9.549930482884458338e-02 9.560047498645135589e-02 1.224625250212176843e-05 1.781979976774436043e-05 -9.124035063418886038e-01 4.414384773151813768e-03 -1.625610541935123762e-02
-3.599999999999994316e-01 1.063451343194503274e+01 9.537766722792484497e-02 9.575299344618878883e-02 1.818284724147670628e-05 -1.195749076879379727e-04 -9.018748402217227067e-01 3.933346811428240462e-03 -1.724406668529347361e-02
-3.399999999999994138e-01 1.036217060370827525e+01 9.557338713635821215e-02 9.550864865752711763e-02 -2.426131035506914890e-05 -7.182746575955896093e-06 -8.893118782828732805e-01 3.582404919550767966e-03 -1.830710231219707593e-02
-3.199999999999993960e-01 1.004009998540063187e+01 9.553253281348490777e-02 9.550303942654796152e-02 2.677780820457369138e-05 -2.309388175111419154e-05 -8.741743198611389154e-01 3.082434282250619360e-03 -1.955835199382211648e-02
-2.999999999999993783e-01 9.656680088578493582e+00 9.604645688715282570e-02 9.986778412088846701e-02 -7.680512244861809285e-05 1.196030244548800968e-04 -8.557161521837292062e-01 2.496955084070108868e-03 -2.100947583774444294e-02
-2.799999999999993605e-01 9.194155132059446345e+00 9.546265392046626719e-02 9.369966094388679223e-02 -7.699596259500078284e-05 -7.817233844946590488e-06 -8.328025813611312778e-01 1.856709265971102571e-03 -2.268788554967851243e-02
-2.599999999999993427e-01 8.633348617421155780e+00 9.549363493611032205e-02 9.556278589484247521e-02 1.890764189253330799e-06 -2.495461453687992590e-05 -8.040767259087228114e-01 1.063685505569507243e-03 -2.458674729846194174e-02
-2.399999999999993250e-01 7.947512188139950418e+00 9.554256771757478617e-02 9.555807667967733399e-02 1.464185072454985814e-06 2.157740504123840361e-05 -7.673972506289142848e-01 2.152053623700403298e-04 -2.672755705780667859e-02
-2.199999999999993072e-01 7.103464569098434822e+00 9.554243306629521537e-02 9.568924203445038079e-02 4.469933191238536661e-05 2.186694588210064192e-06 -7.197693227938636307e-01 -6.966179583215622575e-04 -2.904616145163343988e-02
-1.999999999999992895e-01 6.063519928504613077e+00 9.559865742702987335e-02 9.557870803166694518e-02 -2.030807609806839443e-05 -9.625891495544652973e-06 -6.567041116643486109e-01 -1.612477464167319562e-03 -3.137084421892581687e-02
-1.799999999999992717e-01 4.794885090299935371e+00 9.559828053118429869e-02 9.551493302998569079e-02 -1.819182356123805126e-05 2.886243085175114987e-05 -5.720449712812565313e-01 -2.398902141394052782e-03 -3.321301227459674821e-02
-1.599999999999992539e-01 3.300781240182004250e+00 9.558412148781583739e-02 9.546298711328024544e-02 -1.056094305197407727e-06 4.464559198563651304e-06 -4.574980057440397596e-01 -2.505030059069641643e-03 -3.353466447973153797e-02
-1.399999999999992362e-01 1.704732351549489877e+00 9.547615003071713291e-02 9.527733350478340135e-02 -1.645309366742545964e-07 -5.875417394511932203e-06 -3.042736839491607670e-01 -1.107047977890031213e-03 -3.004575339056619887e-02
-1.199999999999992184e-01 4.328578492429534519e-01 9.547767065001906694e-02 9.570263784298244092e-02 -1.073221632344273856e-05 -2.057530024140741829e-05 -1.112996432631087607e-01 3.565775263386703701e-03 -1.838775911439479230e-02
-9.999999999999920064e-02 1.944074580253819795e-01 9.540210795460957183e-02 5.109069612073038891e-02 2.885228491751232714e-06 1.004583379646166799e-04 1.785614229208299080e-04 8.509439201773006875e-03 -6.846002937578351231e-03
-7.999999999999918288e-02 1.945134109072622353e-01 9.544900366879853493e-02 2.085889848525196433e-02 7.824982968870984167e-06 1.907407451176594472e-04 9.288994709940722599e-05 8.218617406413030943e-03 -6.829248722235956373e-03
-5.999999999999916511e-02 1.945681394775706785e-01 9.554166097066649210e-02 4.006887348600294239e-03 -1.915944894258666918e-05 5.970658397720934337e-06 6.103313916627913730e-06 8.242890243099881484e-03 -6.833063238918231884e-03
-3.999999999999914735e-02 1.946050076383739336e-01 9.551138392873993743e-02 -6.333314866810663656e-03 -6.303964895372099226e-05 6.264248289689192838e-06 2.215425741423890957e-06 8.210712730350762725e-03 -6.842247775456088317e-03
-1.999999999999912959e-02 1.946265379339474633e-01 9.544828387930653912e-02 -1.206595658877687889e-02 8.703102153745085993e-05 1.385056246460996727e-05 -1.532262106031462637e-05 8.260702983665059104e-03 -6.845239981033817908e-03
8.881784197001252323e-16 1.946313829693057107e-01 9.554199719242792432e-02 -1.390078547438060308e-02 -1.735450937016572658e-05 -1.115771337835731064e-06 1.374313271637725604e-05 8.227475569191421145e-03 -6.851086749662086035e-03
2.000000000000090594e-02 1.946274384582453165e-01 9.542305502025923147e-02 -1.206554103048613179e-02 -1.000558771389327656e-04 2.810984953604258533e-05 9.622341445422646217e-07 8.256493859389403556e-03 -6.844705617216197829e-03
4.000000000000092371e-02 1.946119880768002464e-01 9.547494804795905732e-02 -6.338972599091202871e-03 -2.237270386682038194e-04 1.083693634819326819e-04 4.037953186044967134e-05 8.267892970671325212e-03 -6.835559195339055427e-03
6.000000000000094147e-02 1.945685685192941605e-01 9.551437263090800656e-02 4.014137275282014285e-03 4.868742285216409423e-05 8.560677238851345890e-06 2.253666006132764633e-05 8.219297896566892317e-03 -6.822519776854216352e-03
8.000000000000095923e-02 1.945100613100026188e-01 9.547168807279840519e-02 2.085143718367504090e-02 -6.633145052720737728e-05 -2.346980660072103125e-05 9.656258147771664563e-05 8.192896540227001881e-03 -6.850135792248757301e-03
1.000000000000009770e-01 1.944070373551556596e-01 9.539322759912713390e-02 5.102991800901768987e-02 -7.400542118980030226e-05 -1.218672626051545583e-04 -7.247740873955353311e-05 8.232591407979635359e-03 -6.858778212425967712e-03
1.200000000000009948e-01 4.328520099639205920e-01 9.557367455905287079e-02 9.557996057077336460e-02 -8.234825347123625369e-07 -5.129606542027923495e-06 -1.112738903419062814e-01 3.558042625555694893e-03 -1.834582261109799634e-02
1.400000000000010125e-01 1.704733516562569884e+00 9.549852827255743415e-02 9.527025645674738752e-02 -1.379899906057353355e-05 1.439247081158335747e-05 -3.042806710314549523e-01 -1.013038810440537989e-03 -3.006609448888099279e-02
1.600000000000010303e-01 3.300779221240170980e+00 9.554647181004857770e-02 9.553429856539102927e-02 -2.788817090009804657e-06 -2.153039056278589411e-05 -4.574856346545367880e-01 -2.488332911216968417e-03 -3.353955188430454010e-02
1.800000000000010481e-01 4.794884815565395364e+00 9.553129955807264373e-02 9.554195744231402943e-02 3.657995514477245459e-05 4.113789888125413455e-06 -5.720682239700657368e-01 -2.347149572262556549e-03 -3.321775821614152829e-02
2.000000000000010658e-01 6.063519727216069910e+00 9.551321612778797265e-02 9.553705296850799333e-02 6.034254406824766112e-06 6.413908963084643283e-07 -6.567209374029326918e-01 -1.614611723370276827e-03 -3.136602181137845141e-02
2.200000000000010836e-01 7.103465087519063914e+00 9.544487250608189866e-02 9.550596157330479286e-02 7.288361670141415161e-05 -1.003513835007018593e-04 -7.197550879678104030e-01 -7.121045774731141111e-04 -2.906920778621000304e-02
2.400000000000011013e-01 7.947512323348328245e+00 9.556389538835667607e-02 9.558279165846282621e-02 -5.767090245527573938e-06 -1.031625637659709042e-05 -7.673876553312752868e-01 1.654955030224844383e-04 -2.673676156402795059e-02
2.600000000000011191e-01 8.633352391221075450e+00 9.580242583438222659e-02 9.552906965813572071e-02 1.877978349509388102e-05 -7.229303813708232596e-05 -8.041021095163944921e-01 1.080189321072977512e-03 -2.459762494163770033e-02
2.800000000000011369e-01 9.194186457199725382e+00 9.537015363165185500e-02 9.361454970484016369e-02 -4.491115010493537305e-04 9.002121726678516758e-05 -8.328097424271806437e-01 1.846776222782409767e-03 -2.266942445310993898e-02
3.000000000000011546e-01 9.656722907901782449e+00 9.608078720762676384e-02 9.999671506523388764e-02 1.947552625187941528e-04 -7.433113723900430358e-05 -8.557238542162477479e-01 2.325516348439654862e-03 -2.101180749574828657e-02
3.200000000000011724e-01 1.004010031035096695e+01 9.549302084535520041e-02 9.543895509323019333e-02 1.274443763603046105e-05 -2.047396694251967051e-08 -8.741740139795941555e-01 3.072862610722893687e-03 -1.955818111064916084e-02
3.400000000000011902e-01 1.036217215809284475e+01 9.529710674737640330e-02 9.556771065587486846e-02 -7.093931162906381462e-05 -3.807810456468981660e-05 -8.893068255431751945e-01 3.583295175931203429e-03 -1.830959875533157491e-02
3.600000000000012079e-01 1.063451184746563172e+01 9.558552907295997381e-02 9.561758995089350566e-02 3.934772779541400380e-05 2.641535859134166238e-05 -9.018775192020909159e-01 4.005074284296489956e-03 -1.723281010635276111e-02
3.800000000000012257e-01 1.086662475764703828e+01 9.543643655871709985e-02 9.540068971817225463e-02 9.164901280270769520e-05 -7.123628153453107385e-06 -9.124034413155792667e-01 4.406891442127553772e-03 -1.624654213199290195e-02
4.000000000000012434e-01 1.106591504320821251e+01 9.588299923417746562e-02 9.561165183370463894e-02 -1.066110232421181499e-04 3.168325563579307185e-04 -9.213175057343497842e-01 4.729915084374212812e-03 -1.541347191531346368e-02
4.200000000000012612e-01 1.123819294112622202e+01 9.557302938227378586e-02 9.544532104024243402e-02 1.066020102628940165e-04 -6.354845116737610489e-05 -9.289247715798487626e-01 5.106881754647427628e-03 -1.470187249422171515e-02
4.400000000000012790e-01 1.138807193424672093e+01 9.554285123224323661e-02 9.552123006758100887e-02 -1.330175632382801570e-05 -2.111165164326568274e-05 -9.354785435656228776e-01 5.293366953005630877e-03 -1.404292549716260920e-02
4.600000000000012967e-01 1.151923252623376470e+01 9.562401697454879501e-02 9.556234732856752623e-02 2.342238977269170928e-04 4.568975697892869330e-06 -9.411680429873418019e-01 5.539259527377706979e-03 -1.346369151080073663e-02
4.800000000000013145e-01 1.163466252032599968e+01 9.536009323798909365e-02 9.753223221280755972e-02 -6.412018022057357474e-05 1.496556747534667537e-04 -9.460956484652857101e-01 5.717687267818579756e-03 -1.300464518186248211e-02
5.000000000000013323e-01 1.173669068979561203e+01 9.548662366209015318e-02 9.579506088186122426e-02 -8.824423068094559527e-05 4.436041243141509906e-05 -9.504719362634228563e-01 5.933720725820881663e-03 -1.249454805510830623e-02
5.200000000000013500e-01 1.182736495377206509e+01 9.544807255982905303e-02 9.565027661031118289e-02 1.260687078700725217e-04 -6.626041644493480334e-05 -9.543130136699808919e-01 6.109430718236513562e-03 -1.210198946576446048e-02
5.400000000000013678e-01 1.190828113253041742e+01 9.506881418702058106e-02 9.551845526728772184e-02 8.898296973407440898e-05 2.231306445182815320e-05 -9.577309503339715979e-01 6.234720618230071322e-03 -1.172108246691034618e-02
5.600000000000013856e-01 1.198078102069183082e+01 9.556827145133212076e-02 9.535275036051307773e-02 1.557328318933309200e-04 -2.811725641321066943e-04 -9.607699847583967001e-01 6.375533580840934446e-03 -1.139514238224071524e-02
5.800000000000014033e-01 1.204599326359307909e+01 9.514233654277974572e-02 9.446829076954345317e-02 2.266347214787735060e-04 1.008953071734657427e-04 -9.634917867837351491e-01 6.441274267854815890e-03 -1.111201589760643128e-02
6.000000000000014211e-01 1.210484701134859797e+01 9.555356949709749304e-02 9.591529800449292986e-02 9.864559564165130585e-05 -4.528543139872292134e-06 -9.659373436161444726e-01 6.618364500178077620e-03 -1.083731173771987528e-02
6.200000000000014388e-01 1.215815073609127239e+01 9.537383622800275906e-02 9.588880922605533264e-02 4.268879448521387295e-05 1.144749961336813350e-05 -9.681406133462876484e-01 6.710102583921212505e-03 -1.058425219299690030e-02
6.400000000000014566e-01 1.220657560627167015e+01 9.560521639228675150e-02 9.550286831216771299e-02 -1.601557020454954009e-04 -4.610371776281957596e-04 -9.701445670928712239e-01 6.796009141499237231e-03 -1.036627492721224272e-02
6.600000000000014744e-01 1.225069640469362398e+01 9.567397158037380112e-02 9.613276130976154688e-02 2.388486067886106778e-04 -1.440978896819517397e-04 -9.719591126140808557e-01 6.905763387105281516e-03 -1.014457038870615613e-02
6.800000000000014921e-01 1.229100719375161255e+01 9.557329524250697539e-02 9.575519242529435815e-02 8.015011562634554452e-06 1.496166301089139514e-05 -9.736101122731752877e-01 6.947248137611521622e-03 -9.973959668097817644e-03
7.000000000000015099e-01 1.232826806563691235e+01 9.550884191546760160e-02 1.105737136394481929e-01 1.687363940950973923e-03 -2.003358452184392366e-04 -9.751016142755063454e-01 6.971445713354934744e-03 -9.921466235548287785e-03
7.200000000000015277e-01 1.236184574717809603e+01 9.561333131044742750e-02 9.523981892340940836e-02 -2.034069199793957206e-04 1.243911590742478152e-04 -9.765082285585104938e-01 7.100058689691123026e-03 -9.635710107092090859e-03
7.400000000000015454e-01 1.244148253396556569e+01 8.460088091531357823e-02 -1.321404143285250521e-01 -7.593177149613963145e-03 -2.596042081773140137e-04 -9.797362449063645728e-01 7.244993193040367464e-03 -9.243367306554646848e-03
7.600000000000015632e-01 1.246388841922045287e+01 8.571369855065558152e-02 -1.268181560105954009e-01 -1.060170690601509348e-02 -2.327130178530870813e-03 -9.806420860361062530e-01 7.372621342504962969e-03 -9.128699337210810158e-03
7.800000000000015810e-01 1.244847140938428964e+01 9.540903184486214383e-02 9.565408882744332042e-02 -1.774307248696908694e-04 -1.353062139382024080e-04 -9.800310122069563201e-01 7.252276678925907889e-03 -9.237460486216476224e-03
8.000000000000015987e-01 1.250706588814243325e+01 7.364618784865953338e-02 -1.230257596792607155e-01 -5.124299076167900023e-04 -3.139823851849110430e-05 -9.823684255214657490e-01 7.397861278644275555e-03 -8.969344994390726633e-03
8.200000000000016165e-01 1.252580871237226567e+01 7.801028884369951011e-02 -1.199756465756346147e-01 3.018371742447593584e-04 7.029644119069261435e-05 -9.831364818843990605e-01 7.360566888960378210e-03 -8.889639284843044512e-03
8.400000000000016342e-01 1.254634428352631481e+01 7.365317676092057730e-02 -1.267458653214383058e-01 -4.529425341367249907e-04 -8.043223132746872800e-05 -9.839559036237854883e-01 7.466456721900156628e-03 -8.792586334196340545e-03
8.600000000000016520e-01 1.256202428156105810e+01 7.570195286050569738e-02 -1.197629342308207806e-01 -2.684937519451840489e-05 4.503182187661918011e-04 -9.845927929692848135e-01 7.517377433542932891e-03 -8.710818268416518559e-03
8.800000000000016698e-01 1.256336945742497768e+01 9.237506489106141194e-02 -2.947771637389416666e-02 -2.590564161978597263e-04 -4.815985385361918432e-04 -9.846685066108643580e-01 7.449390801636215920e-03 -8.698209003867465525e-03
9.000000000000016875e-01 1.258116458879724853e+01 9.288147169345527254e-02 -3.977123956535055793e-02 1.160943067894138012e-03 -1.233042692508679906e-04 -9.853854508671653356e-01 7.512425712429870832e-03 -8.603883876804130706e-03
9.200000000000017053e-01 1.260178068115713224e+01 9.483386822123995863e-02 -8.087290393166721159e-02 -2.653564895196186026e-03 2.420432592721962362e-03 -9.862139043208766331e-01 7.480582572148961398e-03 -8.485260795086234376e-03
9.400000000000017231e-01 1.261293784831880416e+01 9.214074569565304518e-02 -5.643927148233607305e-02 1.993903876308282877e-04 1.377192961340432346e-03 -9.866611820400856825e-01 7.565794808114281039e-03 -8.458384659992275456e-03
9.600000000000017408e-01 1.262373245924941578e+01 9.353597061015139769e-02 -2.797562146973313693e-02 8.523801219268061294e-04 5.068711306788534730e-05 -9.870933624310208598e-01 7.620157296776530233e-03 -8.407916531404805230e-03
9.800000000000017586e-01 1.263797165584038851e+01 9.232095776710790014e-02 -4.355752891634295798e-02 -8.011187900143221588e-04 -1.217121947653640717e-03 -9.876637952981206503e-01 7.478849366596111194e-03 -8.337409394563651335e-03
1.000000000000001776e+00 1.264848808344796538e+01 9.327881383781665148e-02 -2.315557530443039871e-02 -7.598047332092066654e-04 2.428925354321876599e-04 -9.880828878985202790e-01 7.649180390398059581e-03 -8.290781421702163312e-03
