0.0483418476003983841
6.47710935536301159e-8
6.22164009416350937e-6
1.11096891700287825
1.46238454570097743e-7
2.67692985582799814e-7
7.02297968454037476e-7
1.90083593254456217e-7
5.19739691315305511e-8
2.08140470191165912e-6
0.351630555276814638
1.0763074106548487
1.56522587362186916
0.172329221070653793
0.00788976007161254836
2.72712880240010369
1.53257438907481779e-7
1.03395899871066788
7.2290061354807224e-7
0.13322027322599922
0.0000265546786926309856
0.149354058547875923
1.04067392063006553e-7
0.00151319942615442036
0.0104826850337145939
0.0284840869346697501
0.0000140810541368361285
0.175775735179988873
1.85563338995932536
7.83465427036524532e-7
0.893290975097479234
2.38927181713982684
1.13897786359658487e-6
1.34148569493306098e-6
1.2535643898172173
4.66283654854136732e-7
0.183650562114705318
2.5511643100424382e-6
9.8927577850110706e-8
3.68614847482440322e-6
1.75784577484536382e-6
0.0491621893791189257
0.0972571274496610155
0.460479962475111193
2.12710287771879395e-6
0.275467793021949903
0.340217477619776054
1.02692738412930518
0.00706375665605288392
0.259933445164229893
8.79092657508883467e-8
1.04691617978182667e-6
9.25392707677353166e-7
1.88243329926238344e-6
0.167249618046146409
0.0735821817696507979
1.30800632187017629
1.03317215681434171
0.0154732562993544799
6.16456901439722316e-7
0.0625346504969909178
1.99780190139815183e-6
0.355905909639742502
0.0000607305698672005166
0.0894723656248351817
2.39322872005141951
1.38873242362106097
2.83984690005024238e-6
0.0797604823989931655
2.37180892660934628
0.178862536257001686
1.64749492193374758
2.39751550190454266
0.775976896889559176
1.75317460388106667e-7
1.06938658728971769
7.51934942665753567e-7
0.781913314202821286
5.00460271750834462e-7
0.00720151526956786577
0.727450012045550154
0.160950343225249481
0.131330289291257202
1.42717474476419204
3.9294445113766834e-6
0.362109285643867185
3.43698387848127782e-6
0.751682547802013601
2.58034060155514178
2.72080725150580615e-7
0.61221974700487658
2.56703861569414737
0.227693291321610342
0.000354518408283467971
0.495307354625094343
1.28687430942448606e-7
0.00139462995367722778
0.80776732057895051
4.91979597339829855
9.83711833987839089e-7
4.06686123560511109e-6
1.75330186523666387
0.0148127072160329325
0.0523602986347808039
0.135139030152648276
0.212577780285106793
1.82050437927521655e-6
2.38485985440523196
2.51049889313189578e-6
0.000229532417218830106
0.502409535020370335
9.32338597878314101e-8
0.80790876226274555
1.0149615402159316e-7
4.10882376594927175e-10
8.92676556570139516e-8
6.09910927872207687
0.192294953802045615
0.00442793725507459237
1.01471617635442746
0.00114777229673765639
0.538271478697460282
0.296304340977736669
0.32043198261126371
0.728219579395265937
2.62758121658453944e-7
1.31327759386859855
2.35440855128813453
3.090614220737742e-7
1.13904191294801627
0.31102174370918001
0.000125162879727692907
0.000213076687689465355
1.63712602090405977e-6
3.24122148798639076
3.52925788728302455e-9
0.1511752629759886
0.0584525104841228174
0.172353483336162794
0.0796425607846746181
7.81210145691959923
0.980285131415336353
4.30492968569509818e-6
0.347335660952144964
3.95995761309117952e-8
0.0870158341789202955
4.06084397731776919e-7
1.75837266269299462e-7
1.06078104711288285e-6
2.04060390143009523e-7
0.126781832131626498
1.17663967586124713e-6
1.24812382505337152e-8
0.510259507247813882
2.32715877502789548
4.0603857763628006e-7
1.58310423185111038
0.0251535246111119944
0.282888587768807764
3.61144689845216238
1.36901924025984753e-6
7.27452345209201232e-8
1.04691617978182667e-6
1.0173050190787624e-7
0.0142521901783721448
4.3058698220048905e-7
3.04418563143319603e-6
0.00916477222433190707
0.488209714558467511
2.19376847234010877e-6
0.703982133820452938
3.20481387715973964
3.14013866308641745e-7
1.97326555546347171
0.0359820153436538614
1.47942467870157617e-8
2.92062638771703768e-6
0.0914933497549734603
3.7813225365201828
0.0280620472103154175
4.10882376594927175e-10
0.823247415386937131
0.0687386244258268997
2.75994275585357015e-7
1.99780190139815183e-6
6.58761455683545624e-7
1.60102283132733898e-6
1.88504173859435492e-6
0.0371879326693509982
0.00193031970782178881
0.260313006765054977
0.384542413873293909
0.000192997977436225229
0.661861022495681128
0.27080853031945229
2.66488869660129568
6.53701827323145445e-9
5.9950851545128705
3.22698372341701053e-7
4.56110997713474564
1.7362140670504361e-8
1.31073410972809217e-7
2.19579908006078913e-7
0.51187962681507837
1.02994000513325611e-6
1.36908413866307654
2.06088604558138364e-6
0.617246749426422214
4.71627397200062779e-8
1.50615557193098747e-7
8.55235122288940952e-7
5.95023449980734398
1.83775819823795206
0.468839434919421316
2.68689816220098732e-6
1.0652076973161364
0.376314096510215967
0.000946234771863726696
1.17547172704859306e-6
0.438931203731720454
6.40996532074767468e-8
1.9613533495487559e-7
1.37733058268600558e-7
1.95975598198180512
1.39674509321784575e-6
1.13889933883637414e-7
3.79388263716778401e-7
0.80790876226274555
2.12656492629043692
1.70781975589750603e-8
1.67981975728665748e-7
6.58671539949976599e-7
0.112868235489140795
6.14892945314538338e-7
1.55799530596717585e-6
1.0216013101703328e-6
0.0758174344742965078
8.17743115462625506e-7
2.54807474314434603e-6
0.274715854834333972
0.303742950971969516
1.11540680887054454e-6
0.0538812891466006888
0.00166740866996790147
0.0886884410084312347
0.00252235305768139196
0.0423417059602025706
2.20629810598067508e-8
2.91568998897619402e-6
1.82604966818693537
0.0217031222888597261
1.42719454462184458
0.444318509190848365
0.900637503774946335
0.0128383134622421027
4.32169120222051509e-7
1.24334575685078359e-6
1.22381180001807787e-6
1.00489193988245755e-6
7.51300587715399285e-7
2.64601605587590751e-7
3.66114934231888256
0.440031347324877697
1.02659273787125094
2.45447515627398472e-8
8.96505718809426065e-7
2.13325236962924691
0.584279290424034925
1.92364065019416744e-6
0.171446476581315177
3.00844475536419864
1.14316961693635873e-6
6.40504488953065554
0.599786794042551752
0.624652722384286485
0.303759117051570049
6.67985490541526043e-7
0.0037327299008736315
1.5995069149430996e-6
0.0148127072160329325
0.000670136876869577812
8.20437445487436388e-8
1.46599235818093021
1.32080884047316595e-6
2.76841815309195912e-6
2.38110345445340418e-9
0.397819625360679441
1.50221592627760286e-8
0.115142033465029159
4.08565493900144824e-6
0.112391318561433334
1.18616020093883612
0.00689618238102811254
3.97615264486211691e-7
0.007495979773084205
0.340044919640670462
0.52150308989176497
0.887501473214442949
0.0989843619106252071
1.75737893290059833e-7
4.76437205064967095
0.216018444930134112
1.21377811667402735
1.50840124154139521
0.228116710729509342
1.71877263888768161
1.27427192010948098
2.62605574248335671e-6
0.157712541088378455
1.61594216798341523e-7
7.01530997401999983e-8
0.0218510041531569318
2.59562396914611657e-7
0.000175660748680875768
4.24578930732107412e-6
7.56191882189284145e-8
3.54612935111579891e-7
0.206967580510907079
0.0017129519902219757
0.728219579395265937
0.372415007218383942
5.18518689963438365e-8
0.114983257318564472
3.36747058505520714e-7
1.39461200725718948
0.0725367119600395238
0.00669995953457149223
9.34903250843647222e-6
3.39092722487799314e-7
1.24812382505337152e-8
1.21084868360317444
0.0720983228780807811
3.31889220562667912e-6
3.16554684933255236e-6
1.74231049897273073e-6
1.75837266269299462e-7
4.71077447813389815e-7
1.01658381109514462
4.71046682990109525e-8
9.56511579340594295e-8
3.47019332368377355e-6
1.57845310971526898
2.94775262781593367e-7
4.03947847413259081e-6
0.0453647165153102452
7.52691849675081006e-7
2.07617580139408876e-6
0.0820449631394025575
0.0000505343888962946308
0.0157019467706908354
0.418244767768193637
0.332722891618940642
0.265399856283340507
1.43036002238045157
2.9578393318328421e-7
0.01156708415351289
0.017424209284244211
1.6051707096439638
5.35918545557474483e-7
1.80588800026250821e-8
3.28457716594597797e-7
1.13993829879609291e-6
0.94939444596012601
0.318506458687117411
2.30479412352406143
9.77670002569776405e-7
0.0267558205280627563
0.000670136876869577812
1.38791701710998149e-7
1.46138713320689219e-8
0.0054677455106624329
4.67197127119013178
0.618724121200224686
0.186851201826845698
4.47027202050874317e-6
0.491070023677943335
1.35565877941967907e-6
7.56744621509967931e-8
2.432712949748012e-8
0.000105301542784106954
0.0533435658574482954
6.58058385817142998e-6
1.75673897096476272
2.6073280389638774e-7
0.0341333427403329448
0.0321204972507018322
1.10736933824720829
0.377506417663095839
1.48515503006742463e-7
1.61655154014730895
0.869520715352780971
0.697679692320237743
0.0977230508554845639
0.713858644139405474
0.0590685483183925539
0.579799849857092542
0.312370675617624882
0.594519704198688825
0.0538812891466006888
0.729855276453014734
1.47667314971877328
4.08103715619651552
4.18721953532297021e-7
0.00797941318214301365
4.29380245735466002e-8
0.00029651923388272891
0.159241382565854489
0.296496658538867974
0.379695713481333741
0.0145205893932958338
1.20120828827709514
0.000175660748680875768
0.000802624366561006529
2.42659619388426835e-6
1.8644822719335804e-7
1.36878338368998192e-6
0.000282198279569942606
1.22945088198726566e-6
4.10672641434301541e-7
5.25416081289717403e-8
4.24676311095426584
0.41457386924705425
0.0617957940933658092
1.61639713500613288e-8
0.656922342126182723
1.72285205646727069
2.87455763990853944e-7
5.23793719684548402e-8
1.0392334628611819
2.80409049990001735
5.38654362691624744
2.94688201738425204e-7
0.289031879928694613
5.08308718360700019e-7
0.2693891735637301
1.69009393537536368
2.38110345445340418e-9
3.97863989823838811e-6
3.73142402623761615
1.9015245413482722
1.22759378206247405
6.35166769292477798e-8
0.182521412945494871
1.48670439255294751
1.04605478229442195
1.58903710056583639e-7
1.13993829879609291e-6
1.1773302074649001e-6
4.90574872498865307e-6
0.252651364467416595
3.69556145155193075e-6
9.93640066477904853e-7
1.3186268917408868e-6
0.45873563801813233
0.0137221520016226669
1.1204616478724035e-6
1.08453577846603699
5.12066033608748494
3.86424952830237567
5.97117359123623338e-7
0.380736417165265018
0.0338021877289333208
0.607006918155678199
2.50991943129214379
6.84569175972090023e-7
1.91563872839245849e-7
0.211109933245121756
0.0941688520286353969
1.77953334196798671e-6
4.60563229012646575e-7
0.262908357729151387
5.32476914960822434
2.54234886321977438
1.82151799770680167
3.10490441615360435
3.16978718197365326e-7
6.62627498911835257e-8
1.42766632552175054
0.0997865762700011622
8.25269305491042414e-8
1.71529216375738569
0.0256486063021417951
0.724540395395397829
0.13322027322599922
1.38819473284850359
3.04351034965788969
1.53989171867225246e-6
0.41382130854867305
0.520268226358522545
1.53257438907481779e-7
0.262239672461358708
5.18938807614605492e-6
4.33640651683749369e-6
0.628149139089986264
0.914661099877855932
2.37929806318955158e-8
0.101783338906322907
1.72422549708639416
9.37022953736508413
0.800746319571114751
0.126443409726767819
1.49457066168804723e-6
3.96484045054187062
1.78116157865203781e-7
0.437141544858154984
0.132747193606151836
2.26495879732082894
0.331040259212236565
0.0267243430228001726
0.0420569421517107134
1.8837454408025545e-7
1.54611304045525744
1.89351037740239895e-7
1.26390969059799582e-6
0.0852411944177648845
0.648609508243065402
1.94237048809201951e-8
3.65406163632007855e-6
0.332722891618940642
1.40821649442690549e-6
0.0321577032573998958
0.58916824720815808
3.36975348818681371e-6
1.10818679270057961e-7
1.09643031032192639
9.95745392956276262e-8
6.02162381750991393
0.0267805837061464956
1.50852513819166978
0.47881850372807272
1.70396891228778835
4.52535340485807579e-7
0.0395075386845516116
0.141992992105495847
0.157843761368886809
1.24486704944051049e-7
4.05417489404530171e-6
1.29741071053717046e-6
5.38030692757034667e-7
2.78578763600861571e-7
0.869520715352780971
6.22143572936163602e-7
3.43110224007843539e-6
0.987986711425309472
4.32863082086449012e-7
5.53229871689568409
1.81748182628259691
0.0188214371838948992
1.46856713909190384e-6
0.465950592177776402
0.806140214092105678
2.23961748967115977e-7
4.42635205299570402e-8
1.17493106170917451e-7
0.000213076687689465355
0.961695024140711507
3.93348595773636587e-7
0.0493439710083516184
0.716704540705339621
2.81329216510380662e-7
2.03797038358066093e-7
6.79150640387274775e-7
1.44777952328993398
0.213859893515293803
2.75367589080518316e-7
3.42211788891477103e-7
1.44666571758803153
0.0319168473551214374
1.27707589544728288e-6
0.0190335322493020848
8.89859986299045277e-9
0.43068145354619225
4.27747532341961046e-6
1.77981622271605764e-7
4.15368677799062995e-7
1.68893907465521371e-8
2.74218524582726026e-7
0.969563359219397847
4.05164143638866388e-6
2.4098650026084406e-6
5.46307866499347007e-7
0.170345964868529293
0.125117420791448969
1.95975598198180512
2.25832110951722523e-7
4.14748613012204641e-6
0.709998195093818008
0.211341432944461977
3.42994881997807036e-6
1.14598128595001891
0.453485067911232553
4.12417844996236528e-6
0.240713061391071931
0.193236088175095189
0.617246749426422214
0.863411507379657661
1.52405426544082681e-6
2.82228269510050096e-6
1.10752250276568809e-7
5.33018204393845085
3.28944114607863534e-7
9.27486068960886543e-7
3.79388263716778401e-7
0.0475326995802466817
1.54460136316257834
1.70781975589750603e-8
1.44636223521999552e-7
1.36150743900495154e-6
0.819155481399034824
4.87124277452769849
0.0568697373531190722
1.10171137916824335
3.44514964555673161e-7
0.663420035965666899
1.71215392179981274
0.752380500136703434
0.0151192214079765661
0.0000265453355789541181
1.03365397705315849e-6
0.296766950380423333
1.91227148264589818e-6
0.0250352816717041189
0.372415007218383942
0.348303408096340583
0.0965951623853407854
1.79349885290025306e-7
0.11296142670067974
1.52463325408032402
0.516939795810519187
4.31810999558272663e-6
0.183650562114705318
4.93468994383059201
8.77493264642927428e-7
5.68278526222148529e-7
0.547056551242059763
4.3236098283976255e-7
1.85227034276477252e-6
1.52405426544082681e-6
0.438948365290635689
0.217134632949990636
0.0424882747794985208
0.0749407711892563222
1.64193098391841999e-6
4.40819501779923702e-6
0.5689758243380445
0.00770224527757092971
0.259761315921803515
1.5348581424727364e-6
0.388665575204758473
1.74178713991306289
4.24578930732107412e-6
1.36943410543782296
0.364234058290879237
0.384799525186416358
0.105087306783502088
4.02308436891036436
0.775309938394107112
1.94893393714898956e-6
0.0218510041531569318
3.49856458417881799e-7
0.0844629190352393366
0.378089424503224914
0.0227910944036834491
0.650825527296599371
4.71627397200062779e-8
4.10672641434301541e-7
0.0415734474930848155
1.33036655395571205e-6
2.63820765719321759
0.0124397706759372898
4.30535319542533129e-7
0.0972571274496610155
2.23961748967115977e-7
1.49574703727459046
2.62745764832630244e-6
1.41187384182330122
0.087324262383718862
0.0612615099918486852
8.66807148546629108e-7
6.41392956867769482e-8
1.8717207461608993e-6
1.15425614963945811
1.05483413127687313e-7
1.13543544880013503
0.00761073505343114447
2.97123755639840184e-7
0.00236115237493486748
4.23240849405310009e-7
0.198758516530749163
4.6644485337185714e-8
1.8377757806137664e-7
0.0768986342814484414
0.348096302195144369
3.55535628023996075
0.0000140810541368361285
0.384669195717209145
4.99435875008687981e-6
0.0251535246111119944
0.31266224214315691
3.18374539802714793e-8
1.11439167054005467e-8
0.0217031222888597261
0.800746319571114751
1.39375817535548824e-7
2.68542784598217121
1.79966847001964902
0.266352941452462244
1.14316961693635873e-6
0.0521866539295887111
4.46574052144296141e-8
7.0710199197323255e-9
1.60543561614988755e-7
1.98110273812141036
0.0662864496152369698
1.8995409372984287e-6
0.0000118980337075721477
4.47027202050874317e-6
0.000471639218691533133
0.946130533555270992
7.37228057023601975e-7
0.0493439710083516184
0.751732325581461303
8.31780134855329301e-8
0.0932197473591540593
8.66115900973504104e-7
2.52544535154965098e-6
3.0102550554635159
9.74962020943552416e-7
4.16322391436532398e-6
3.4559830200628462e-7
1.06078104711288285e-6
3.94353483437402642e-7
2.02126657476989102
2.52180141810927783
4.6644485337185714e-8
2.7605412317674138e-7
1.72807128536583961e-6
9.92137237793159824e-7
0.229069082664519696
5.04715217160401577e-6
2.12091285390174898e-6
4.18721953532297021e-7
4.78341063984072249e-8
0.140130161333079706
0.96865456156516283
0.497748006655428232
2.50121341503859838e-6
2.68881928765592226
0.135668658266352854
0.0155844222724969925
3.86463987695984041e-6
0.225564104354166378
0.105467069804479743
6.98764284869598773e-8
0.621567080507097525
0.160131157134993624
1.41330612153070638e-7
0.000357007334860975651
9.14551871189152096e-7
0.149428714981299615
3.65141488455588156e-6
1.18403459709953743e-6
0.147600041175531299
2.57039608287649335
9.55414256769764309e-7
6.8573039625532537e-7
2.21107097945794399e-7
5.12096113133228203e-6
5.28811937200715436e-8
2.13543273488986833e-7
0.469576875918488623
0.274487419489868101
0.00606798439390031363
0.106906729060255071
0.0408960872339201448
0.110928931701883393
3.0315389596421345e-7
4.63752340200550237e-6
9.91207077011980094e-7
0.0326207515154685948
0.0693268179900665554
0.360677166729788334
2.84819071308626404
7.36265475675586476e-8
1.27990714798696915e-6
2.24485091397333024e-6
0.052460285368347577
1.35594318014649366e-6
5.34402307893736423e-8
0.922948468124970001
0.000374112294282369861
4.06090362889643285e-9
1.01783018949723942e-6
2.05323300859905045
2.78417927864399445e-6
3.85830411552870163e-6
3.46210338137405244e-7
0.0912327356234759745
1.19092968693156769e-8
0.221055216905949231
1.03048155989677151e-7
0.00770224527757092971
0.175505690532338221
0.340542321599917541
1.25175016072000322
0.115259837348024183
3.39889668296855476e-7
0.0886884410084312347
0.2693891735637301
6.14892945314538338e-7
0.219511964001335991
1.93903564371178971
2.450108344836948e-6
0.356936560469065023
1.15569727957748516e-7
3.43155613353356416e-6
5.18010983308577444
0.333245841013318389
2.79911206699256121e-6
6.62627498911835257e-8
2.65499792944650706e-6
0.284382351193884109
3.04418563143319603e-6
3.08817437420531737
1.57560242291162673e-6
2.46742125949905322
1.44050189504414652e-6
4.66040469252938624e-6
0.81806596040052304
0.0217457701465345633
4.1821672364565911e-6
0.000098676529901335378
0.415518963483861081
1.0356043843354944e-6
1.23662779750805973
0.794985156349271138
4.65796107444068631e-7
2.13325236962924691
7.98817993180989607e-8
0.180500263317042164
1.46727192527393546
2.60746156872359224e-6
0.813436950385076685
0.0882001592454781241
0.0307606858345884394
2.87324440780731556e-8
2.3822609202984073
0.0682711742484956169
8.24913087202011185e-8
0.00193031970782178881
2.68891069999756986e-8
5.88847446144390307
2.65555948684908163e-7
9.85416901198356191e-7
2.24013939600855389e-6
0.0174004024996262316
0.0972571274496610155
1.53257438907481779e-7
1.39101074382248181e-7
9.2334286535932903e-7
2.19599713669040698e-7
1.38925465391224767
0.318824268567337366
2.1692611326827461e-7
6.43942971363148315e-8
1.08863453968552504
1.58547512211916639e-6
1.22274961776058397e-6
3.83761424622858255e-6
1.80125494233984343e-6
2.94775262781593367e-7
1.36943410543782296
1.49454841077782039e-9
4.10582842767183226e-6
1.21675766376182248
0.831909025872963559
2.75994275585357015e-7
0.0556264843645789334
0.597386719559250379
3.44895855796947211e-8
1.29086048453674684
2.72080725150580615e-7
3.889924509151089
1.30255937383009349e-6
0.0171959955867019669
5.05450858827185594e-7
0.205675458553948948
1.49574703727459046
8.24088952731967571e-7
1.65872133447547156e-6
2.9034106422685288e-6
2.17288264155527161e-6
0.847236548183620375
1.98983351456811451e-8
0.761788387385827881
1.85928052188422965
0.341592400122481377
4.8758354764982023e-8
1.17547172704859306e-6
0.00117090286249478081
3.94353483437402642e-7
0.362901524898298022
1.48772527626361484
3.41159375210852046e-7
0.0321204972507018322
0.0000654795240601642567
1.57386001801337142e-7
0.42437786252958376
1.48773246057058861
2.20283119591678256
2.6990102862144544e-7
0.534229250645775311
0.0443144185863823259
0.384542413873293909
0.0597475652692627951
0.29622227545755514
0.703247228011260272
5.8566426469932991e-7
1.65478556574436753
1.48906616980255621e-7
0.0210291843116804135
3.39256355921288888
1.13612234751374119
1.57242107760850169
6.90018716668352705e-7
1.43778392917158803e-7
8.93662373423624128e-9
4.55533319317944293e-6
1.03829367626565906e-7
0.476735999944866373
0.0469361188782892805
3.43023005378096878e-8
3.09095091601446548
0.020136176867522726
1.92586425247532777e-6
0.0819380935105787495
1.69001370971794773
2.8106025088633162
1.16674994853400982
0.174261036287845894
0.00227435608547257211
0.132886626280619563
0.366181875354273878
0.0267757290873933337
8.66115900973504104e-7
1.4876874433246449e-6
3.96510792241019359e-6
7.39763306234093943e-7
0.184035992030467332
1.93656484353175952e-6
0.16751199982595838
0.390908399234665027
2.03003675324111077
5.18938807614605492e-6
2.27434960740601173e-6
6.90511589545791768e-8
0.156568824749882457
0.000836621556766495495
1.65435866218126988e-7
0.619801585130608235
2.11566100850971761
0.010841508979405709
9.53656150970659247e-7
0.358923868690294578
0.880341504732410352
0.101851445201417201
1.52405426544082681e-6
0.0236360068060670163
0.000471639218691533133
0.108944887471172008
2.39240331692018326
0.0646014488623502109
2.60667604757502314e-6
0.0173060166460036191
0.163971023861895271
1.53436543745167067e-8
2.17288264155527161e-6
3.091864304334631
3.62824847834044029
0.101028054196337994
0.0101081407205045153
0.652336137114986947
0.0361558056801975156
9.15045858042529936e-8
4.17754580886717663e-6
2.44925356721238124e-7
3.16725790783672755e-6
3.65141488455588156e-6
1.29174797035224209
0.211109933245121756
0.785837392437607307
2.24340735073948916e-6
0.504809862818801691
0.954917668876058334
0.408329232901901484
2.11247115218961432e-6
0.974005455901776229
8.24088952731967571e-7
0.0217457701465345633
1.19092968693156769e-8
4.1952034199015536e-9
3.74257070045030684e-8
1.02994000513325611e-6
0.0000265546786926309856
2.79054311747776396
2.09943731436586255e-6
0.079849517362889394
1.11096891700287825
5.55502539424711892e-8
0.122885831370238563
0.321371239206811044
0.575670064038580454
2.22999625390396794
1.12789560715296238e-6
3.94353483437402642e-7
0.00710306354778788771
0.0513414579417906455
0.0778709408129186903
0.0977759624065307198
1.14316961693635873e-6
0.16066983509561425
4.41723806413960674
0.257406761757274671
2.30020388269314264e-6
3.66251280554978169e-8
1.44751704147041351e-6
0.00150347983039424171
0.139002262198704318
0.23712745746324429
7.01530997401999983e-8
2.40643272155363498e-7
1.58581793679823657
3.28907108172765144e-8
1.80264041249153806
0.0358208035016334622
3.42088332954259959e-7
3.76928037767121424e-6
0.481133181243118546
1.55468326106560045e-7
6.33055934049176283
0.0106720943637357082
7.0416158288931775e-9
0.739501767834587098
4.1901799504494768e-6
1.12684082323733659
0.00949847335544157408
7.97043405838263786e-7
6.90511589545791768e-8
3.10020817896511283e-8
3.66491060510230176e-6
0.0747865200271254082
0.162910291636193805
1.6837786912402516e-7
0.00108887984234340342
0.0789801711008260576
0.62477236065595565
1.33074270178446152
0.727450012045550154
9.33802938490434962e-7
0.476925475310459646
6.74150384187088033e-7
8.40667797328307375e-8
2.19906652254107244e-8
1.69613641746784172
6.02162381750991393
1.90091616829795695
3.07328447690195095
2.29399391249002372e-7
2.07106262759185836e-6
3.99495167485261966e-6
3.65141488455588156e-6
2.96990313735461583e-6
1.49314244062986745
6.54733289966691075e-7
9.69154326570756147e-8
0.445794453670397828
0.0135959309144717474
3.70077306189764954
5.69328913311702478e-8
9.26361987165808472e-8
0.0321807236748413439
3.99648278918988437e-6
1.77953334196798671e-6
0.0285280441529983594
1.83812828833552356e-7
0.000016128957782141665
7.66911829421075901e-7
0.831796577847415786
3.02271991768080106
0.469576875918488623
8.59028215150895136
4.09722647419318114e-7
1.28677534229935397e-6
0.202102107376053913
0.339936483604205919
1.50716552877657484
0.0844555726284129671
6.26896627200562819e-7
1.87096593585801485
0.0549825139873202431
2.7266474959571334
1.85937083614269686e-7
0.00872903940122518075
3.31665786460100797e-6
0.134670394840272711
5.82701034398274669e-7
0.0483418476003983841
1.36908413866307654
0.00419191790257196235
4.60778875559639011e-6
0.381939629350582288
0.16066983509561425
0.140130161333079706
1.34921042804126356
1.81315859744132268
0.684995054580413654
6.78351392014441501
1.16242174058140422e-6
1.14589157013869723e-7
0.0401495706438213668
0.347335660952144964
1.0199179507626933e-8
4.25053389775658215e-7
0.107127805746361007
1.67661733804641466
1.81813949040966992e-6
3.08035911506735331e-7
7.10974379815377972e-8
0.0438132426477354717
5.55502539424711892e-8
1.49833420791707803e-7
0.144532054392021658
1.56324173629020047
5.32218047154578191e-6
0.1810570832519178
0.246852487174862578
1.28509395178165891e-6
9.51580298909671402e-8
0.0302243428598685249
0.34894188164644313
2.891670424643846e-7
0.290555945469469112
0.0538812891466006888
2.94423564645878599
5.12287876566666539e-7
0.000026893127341532428
0.00193031970782178881
3.5018530693064096
0.234625631258126549
0.879555445421881354
9.33869725341780486e-7
0.000526198266976986274
0.0797604823989931655
1.46727192527393546
0.00689618238102811254
1.26570144280144336e-7
5.39468266228556804e-6
0.230267350830272527
1.37324080301082183e-6
3.79111073983589986
5.07003680840984305
0.200165860777268362
0.189280652163804158
1.48906616980255621e-7
0.00194219047664638631
0.184035992030467332
2.23932293470729863e-6
2.42816829274539118e-6
0.155854277540022151
0.518966334899575554
0.000670136876869577812
4.02651402146697755e-8
2.24347876666166407e-6
0.161125622437478799
2.52241960152207589e-7
0.00332098004762029992
3.01917839030937385
0.0609673012244424939
0.0317611244334595338
3.02318634610682979
0.1289853345931469
0.0940345684707831753
5.05450858827185594e-7
1.81748182628259691
0.376699000720696953
2.24347876666166407e-6
0.00973856855130893553
0.152002472249740672
2.13815478749981036
0.123189084442732341
0.362442546816373778
2.7440942236639235e-6
2.27969127898214774
0.00227435608547257211
2.87733972763684614e-6
3.92969275208647254e-6
0.748480058145506111
3.74397363067554511e-6
0.926439173727465315
0.544346418082595651
6.87641310407186442e-7
0.0000798957380846718651
1.26879593351661598e-6
1.88336385851495624e-6
1.40032747752590669
0.0108015156413354095
8.06988994494600278e-7
0.126443409726767819
3.61049540536643042e-6
3.11825374746293304
2.43169056500966287e-6
0.2693891735637301
4.24354576657136036e-7
0.285860670348203172
2.07674718447232731
0.0101081407205045153
0.00101270007359552947
2.07912525552164138e-6
0.504809862818801691
1.8644822719335804e-7
1.64604192665583016
0.9806429311764574
3.66949444127475423e-8
0.476735999944866373
1.38819473284850359
0.234351900234740951
7.73263396332884439e-8
4.15232341273765711e-6
0.16066983509561425
0.1059812344324743
6.58671539949976599e-7
0.446210899788065996
0.785837392437607307
1.01986839663687889
0.0141163830171974983
2.9508649604123631e-6
0.00058684111662069612
1.79868064467471036e-6
0.307502964543801494
0.275049366774491932
2.76864554331020973e-8
1.63260463960805713
5.26961754548620615e-6
1.25206450842952943
0.0745433042601069268
2.78417927864399445e-6
7.52921874501316519e-8
3.91887303709998802
2.01798936455420948e-7
0.0318618755345464397
8.85026436336278903e-8
0.788905587087520455
1.5995069149430996e-6
2.51295167316442303
0.43179377901339977
0.0787209135083953016
0.735380132679405607
2.01665899200697236e-6
4.75416957595961422e-6
0.930165442501344808
2.23240620678725401e-8
2.40643272155363498e-7
1.00489193988245755e-6
0.0420569421517107134
0.135672748785076125
1.00489193988245755e-6
0.0617957940933658092
1.92681891598508367e-6
3.12833801611176983e-6
8.22631251439636424e-8
3.11504509331165307e-8
1.18020126342799449e-7
0.00115978859256473158
0.0440054389875947014
6.27897223989313349e-7
1.01854489121287269e-6
4.36143040335915778e-6
1.18461907538199362
2.21389741465928199e-6
0.705762564787500213
5.63078929076394363
1.07880537978890179e-6
1.6595164164836412e-7
0.0309561448351639845
1.23512301559188819e-6
0.167574083287175213
0.0901954491914607748
6.4559960085215975
3.7661352440663017e-6
0.0858833978826275823
6.88511842065664456e-7
3.43332164844468985e-8
2.40700863393324637e-6
0.00449872479400631551
5.81594146056454971e-7
6.87019106957541531e-7
1.19142215556099895
0.34894188164644313
0.512604035697957983
1.56919347600699162e-7
7.69384858889256922e-7
9.50513101695142237e-8
0.540235836782358092
2.3919326351746703e-7
0.260574725950254493
1.90931046410251204
0.874486462176681245
0.000132448964903628721
0.00778245087990621972
0.145702253449167957
0.224732754771245186
8.54411484518203186e-7
6.44238278984942436
1.66845028704455789
1.07490457702035069
1.14075909126867403
4.66249606785805895e-8
1.8995409372984287e-6
1.54490136731253846
0.0469562108048132282
4.55172529791700713e-7
2.94013690746213034e-6
0.0430000433109372915
2.33231482673330535e-9
0.00048330081706185479
0.00101270007359552947
4.552647432709768e-8
0.348096302195144369
0.104871164309553733
2.10712714947773784e-6
3.59607380106670036e-6
1.0687826278562742
0.11484227067464467
1.21275947298316744
9.33802938490434962e-7
9.9204635690961175e-7
2.31603069271971107e-7
7.01530997401999983e-8
9.85416901198356191e-7
1.87889843190400363
3.31676446057451387e-8
0.0105056647717539659
1.22945514858641444e-6
0.0358163790770233831
0.5689758243380445
4.46574052144296141e-8
0.0203538684951846752
1.6241614983433153e-6
3.57955496643319515
0.0777605653735364832
0.960779421111101706
4.38048266077719817e-7
6.00322900793386807e-7
0.102853773915328475
1.57431520538791494e-6
0.00126840000812316342
0.355146238788315249
3.12296846948777353e-6
2.30903294690656869e-7
8.096942995101269e-9
8.33623168729246902e-7
1.81748182628259691
0.917247600703230748
7.4558929852332442e-8
0.490697770731821414
0.157712541088378455
0.339936483604205919
0.0852411944177648845
3.79062148164212601e-6
3.7813225365201828
0.000952828621382880553
1.37324080301082183e-6
0.0210291843116804135
1.52190388364339853e-8
3.44086916621983906e-7
0.00430646613105095145
0.192294953802045615
0.0201981658497661504
0.398143484815481952
0.219345259638784151
0.365120336679987278
0.172772517228615946
0.874486462176681245
2.3794687717758105e-7
1.87186706509891162e-7
2.22024679680736048
0.216567246126198182
0.25097631464450354
0.282888587768807764
0.23164146017143214
3.58915571160974087e-8
1.7628297039197891
4.54646099497099301e-6
0.500223936115073875
1.4594863481015496e-7
0.0437397662585445185
0.000209111871735949401
0.00724892798001393075
0.00658921481953782251
9.33300520894500574e-7
3.2620060275619528e-6
7.29805490694595171
0.365120336679987278
0.616335279421479032
2.08140470191165912e-6
4.40819501779923702e-6
1.13244479511741499e-6
0.00778245087990621972
0.0125353185022098919
0.221055216905949231
0.604036197926246188
3.32062365191530206e-6
8.31780134855329301e-8
0.255510288639253069
8.01873801795926411e-8
0.961093567841128316
4.51972073795936334e-6
0.0387784353711592908
0.339936483604205919
2.30234566403913865e-7
2.37180892660934628
0.45873563801813233
0.175429464462096424
0.41710354704953545
4.30492968569509818e-6
3.63236067765530857
1.02566189621298266e-6
0.918616569812655159
0.0158352731551487727
7.96761902563086288e-9
9.04553422479047645e-7
0.0465572384622149962
1.17046182158052393e-6
6.07293852513723475e-8
0.745729260959841045
0.0478090109665691293
0.0498165865332914626
4.3971192438738618e-7
3.32438883356206579e-7
1.92586425247532777e-6
3.56954471438666365
0.763395276987592575
0.642921026751768543
1.57411430757224192e-7
4.90326486290454303e-7
1.39822141819390786e-6
1.85227034276477252e-6
0.0972571274496610155
0.104871164309553733
0.172772517228615946
0.709998195093818008
1.07880537978890179e-6
0.318328383493939437
0.399980784682233748
1.43563532006839418e-7
3.97312646077151577
0.0200735036719547344
0.318116989546728179
3.47665082596694859e-6
9.03837493338028632e-9
1.90447366759945846
0.0528222719899734822
3.52264153661523874e-7
0.199025789090685912
0.000285692932339335931
0.803561724891052709
2.96086961636468216
5.69522519486711867e-7
0.850639760209249252
0.11484227067464467
1.06973154062523458e-6
0.855737223600787966
1.73247790996734419
1.05549760422549421
0.318142792827768972
0.391638582008225655
0.0442751097448172287
0.120919354028328194
0.997614295627879954
0.0019428096914065854
2.77049328970712194
1.18669991013748753e-6
0.325358885766345085
0.14111687367297604
3.38523677766492479e-6
0.984422071062253878
5.32218047154578191e-6
0.0941688520286353969
2.2507380058148384e-7
1.26079311720623355e-7
0.319135043421837628
2.19805619886603772e-6
0.392694649539486573
1.69067508282628164e-7
3.90612221737456542e-8
5.87246243070599823e-8
0.261036147831016085
1.59173439967679498
0.558161157609697867
4.92142016375757736e-6
4.56593423168676793
1.90061494006051039e-6
2.042115239591487
2.4235216950791566e-7
6.36999217708899362e-7
6.04691623158947223e-7
1.14991719214960764
1.6748538017456266e-7
0.763395276987592575
1.11096891700287825
7.36265475675586476e-8
0.288963801047779911
0.101367489707600483
8.31780134855329301e-8
2.1152375115762414
7.52307746671948187e-7
0.138606977904659118
1.1973775576590544
0.0284006644064481555
1.633747080929131e-7
3.98391047908796912e-6
0.000952828621382880553
0.000357007334860975651
1.27218712759567043
0.34894188164644313
6.76136812514130703e-8
3.85830411552870163e-6
0.0559014659267039263
1.40876299013449602
1.14579948300225441e-6
2.3026623884912919e-7
3.67918853619578467e-6
0.110928931701883393
0.528536064618017609
0.0123875367623175435
2.67751991438462434e-6
0.0708080410499100782
0.0553620039645015757
0.275974072178729102
0.486033684793021947
1.16107895040721454
2.28625233343999785e-6
2.68087189399965009
1.37664053881200643
0.186851201826845698
0.674283814748293908
1.31652732572679687
4.22329058257776069
0.208316244153606833
0.434051880709995341
0.0553620039645015757
1.82590159153482175e-7
0.084103855706681066
5.17518990423655811
0.733991870777190081
2.12826388355121344e-6
1.33151209648611291
2.58034060155514178
1.26339047110003973e-7
1.40884031872608723e-7
0.0284840869346697501
1.33750873023672518e-6
3.92382845813320898e-7
1.27990714798696915e-6
1.37576159703055936e-7
3.00323802055586766e-6
7.73219992540550575e-8
0.0250283447370265866
1.55164025838929232
4.12300141265873688
0.00213908530300625658
0.0611154599017575753
0.76983266884577628
2.04409396689488562e-6
3.15288608989899393e-7
0.0894226010753098044
1.71877263888768161
0.733991870777190081
2.16307492523878248e-6
2.88209976540930856e-6
0.268778201346207335
3.8079999236849706e-6
5.82474227439902466e-7
2.62762223918812341e-6
1.88243329926238344e-6
1.93609566577949299
0.765149925964576205
0.544346418082595651
1.53087920008130073e-6
1.2965404711909792e-6
0.607006918155678199
7.12144702160504472
0.685587975351370838
0.117069968699180474
4.12980432606812227e-6
0.505012704768578957
9.08297774009659933e-8
0.072623112180190727
6.01835878331458416e-7
0.147600041175531299
1.18958781000277099e-7
2.1541527450330678e-6
1.43655909999735452e-6
0.0911155365873276835
0.108945757286765713
0.0307606858345884394
1.1277676121544773
0.0267385575405154688
1.27382655266481716e-7
1.74895248321815546e-6
3.65141488455588156e-6
5.83945564273430745e-7
0.16066983509561425
4.36445678583364362e-6
4.96220228101665658e-8
0.839329817182252302
1.21895055679666678e-6
1.63562412319518158
1.11439167054005467e-8
0.00114777229673765639
0.460479962475111193
3.41582168319663241e-7
0.0122197288225716384
0.490697770731821414
3.27630111743811181
0.134670394840272711
0.0139314441755422416
0.654835917330413131
0.020272164437467731
3.59737377924228438e-6
0.147600041175531299
7.60743794700002955e-6
0.471653190568077363
0.419547306998000635
4.19101730171793809e-7
0.0861113607543909504
1.64148073527214389
4.65796107444068631e-7
2.51404259975702176e-6
8.86779974331619132e-7
0.00016824363481130012
1.66195602272317422
2.06451530097567781
0.972043852160326516
0.0015723270743282702
3.74555707842676794e-6
2.07622596408623301e-7
1.39727889482314242e-6
0.186851201826845698
0.000132117608387288148
0.605468331872419663
8.31780134855329301e-8
9.38480448953355495e-7
0.281452861120319087
0.0886884410084312347
0.80790876226274555
1.07274613993301182
1.51874976227619823e-7
2.66304191968506233e-6
3.74397363067554511e-6
4.9104394345101539e-8
5.26988714770429117e-7
9.91207077011980094e-7
0.286693453879978244
0.232193804035238926
7.83631074590933874e-7
2.28180388697749362e-6
0.00335707877267275683
6.30135235020781877e-7
0.0523602986347808039
0.0108015156413354095
0.00997118872414628696
7.61873846265566171e-7
7.29392723461233077e-7
2.4235216950791566e-7
0.655539515490319191
1.27427192010948098
0.0289649153674557888
1.88643910735491563e-6
0.0111623822473375378
2.23448445544756424
1.64303500329047702
4.64299511678762666
5.39885734306745844e-8
2.02126657476989102
0.192294953802045615
8.03489363173020557e-8
0.579799849857092542
0.165600453254025087
1.73367552826629549e-6
3.51265080375824971e-6
5.46272276409234007e-8
0.0508979896811463384
5.92490167652705064e-8
4.91979597339829855
0.010841508979405709
1.46727192527393546
1.01092906034528007
1.45208524534757064e-6
0.438931203731720454
1.15255370087014544e-7
1.73428485340964666
1.12868555331974847e-6
2.31871624113083774
0.00629050559699724943
0.09070390033241503
6.99589287368945675e-7
1.83354546530050269e-6
0.00729850718222513177
4.80071461462878253e-6
0.0233412472290487408
2.51376997397872293
0.0997865762700011622
2.64912344044254071e-7
0.00586973896009239555
1.79868064467471036e-6
3.31165508910608031
1.25913840901016168e-6
3.90224373175151793e-7
0.0858833978826275823
0.00761073505343114447
5.22291234995807411e-6
3.29883841786534569e-8
3.323759919375509e-6
1.48556442197166749
5.22612844703468671
2.67062054489775231e-6
0.535586695725640882
4.02651402146697755e-8
0.0818452312434823637
1.47533813691357678e-8
4.38100436197522303e-6
0.333245841013318389
1.42717767327720946
0.00586973896009239555
2.40845768678747883e-6
2.90274227967822068e-7
1.16025360782443365
1.19130479294830132e-7
0.101783338906322907
1.57532665966683922e-8
0.0323194575838261014
0.691407929715474934
6.99075511406412936e-6
0.444318509190848365
0.802170924309456468
3.36103238374023515e-6
0.00647292305541533313
1.23616611226899566e-6
0.290555945469469112
1.16521841759755239e-6
2.32582531316282814
2.40516311321652809
0.124870353962754782
0.00863565891196101977
0.0852411944177648845
0.00442793725507459237
0.172353483336162794
0.132886626280619563
0.679001017996641254
4.34160895246586361e-7
2.59703924107151967e-7
8.06298347945374584e-7
1.77953334196798671e-6
3.23526057187758922e-6
0.264510049937159708
7.14602871190511942e-7
0.0831535665087088788
0.761788387385827881
4.70772221550119559e-7
1.89657821808034526e-6
2.31997491987599591e-7
7.9010803568667729
2.97683723677456857
4.17973076334703869e-8
1.40667116932007378e-6
1.69009393537536368
0.586442192723174438
0.00936516710285007978
2.12710287771879395e-6
5.82474227439902466e-7
7.85078834858028803e-7
1.74436785559904828
0.105030913395351214
6.11148259683224016
6.64419022931038408e-7
8.17743115462625506e-7
0.363513772883850172
0.833892097062424842
2.17566949987238178
7.12671203698649426e-9
7.74673519484147139e-7
1.76961333333495285
0.0508979896811463384
7.24453230386079056e-9
0.0250588178767279651
0.686107925666237684
2.63858513337864341e-6
7.54518667819686062
2.50673968801488368e-6
0.296263563532633611
0.0186314924395808261
5.46272276409234007e-8
8.19555467144594118e-7
0.0186527406214950717
0.0267190642820836349
1.13648191596095695e-6
1.69292991410905369
5.82701034398274669e-7
2.1692611326827461e-7
2.19723975874801725e-6
4.33631294081523488e-8
1.1182650463265403e-6
4.1671100477690608
0.348096302195144369
2.61606779828429457e-8
1.40880679975545615e-6
7.52170742409278521e-7
5.2027317489322552e-6
1.52190388364339853e-8
1.62256153043052298
2.70654620319994471e-7
0.571789122712782927
0.0139314441755422416
5.38877668884160548e-7
0.00778245087990621972
1.23343978636204944e-6
6.54733289966691075e-7
5.07759427674269827e-6
2.3822609202984073
0.012279495098042539
1.17491426427251766
3.15309738832549463e-7
1.70332151498484962e-7
0.117463356297423521
0.907916419421286869
6.61886311944478018e-7
0.0570737585272032902
5.16102350911029328e-7
3.60769095633105733e-6
0.67974714095733646
3.9628695667100291e-7
2.75719796681745466
2.52575907175847247e-7
4.54682961162738892e-7
4.38656736647029816e-6
1.91507969465526969e-6
5.24176909980834702e-7
3.93348595773636587e-7
8.55235122288940952e-7
6.81771770122780652
0.136904618154699731
3.15309738832549463e-7
3.49856458417881799e-7
0.13485254201078764
3.79388263716778401e-7
4.65705401861334067
0.0406906690626023179
0.0174458395650437144
2.22453113729233465
0.564026082779506388
0.0470215955864920765
1.04515737667826891
2.03508773628100137
0.820738908910174758
0.366181875354273878
0.0250430698486067034
0.135672748785076125
1.31018938171013111
2.29972746746710138e-6
1.16016567008615652e-7
7.87441511170022347e-8
2.40864291961676117e-6
1.76993035934714533e-6
2.88557127209979367e-8
4.95637882252219087e-6
0.174058680419126088
0.000890505820483122835
1.25966685011941659
1.51507225318060388e-6
1.04385128220292216e-6
0.268685807965241052
6.30135235020781877e-7
4.23984928777351092e-7
7.38373725134872553e-8
0.0380289213652521621
0.0384988833130984059
2.59210334724580017e-6
2.72661042550741106
0.101367489707600483
8.24795250649419686e-7
0.395973596256097626
0.0830250841029363251
0.0458984524650837555
0.0787884955266810461
5.17233106481282867
0.00807371527844009083
0.0591824064797833449
0.559329095975814705
0.0139543559684033036
3.06812672790449767e-8
2.01519334916943782
1.29379299166963291
0.465950592177776402
2.07912525552164138e-6
0.912215163756668224
1.58314598589828459
0.931798852382857534
3.42642975511636112e-7
4.3236098283976255e-7
0.763975350998618907
2.28551640902054531
0.108817889846889906
1.93226052860943944e-6
2.87733972763684614e-6
0.0267443996179402114
0.568246097160264974
3.46446951739212617e-6
2.99566755356932912
0.54527155409536443
8.45380968248504731e-7
4.77185439321808986e-6
1.46138713320689219e-8
2.24942987834712784e-6
1.68521120475797481
3.31082087331312038e-8
7.4558929852332442e-8
2.16295562420446341
3.54382315815349237e-8
0.451526226040593282
1.09938888882546094e-7
1.15598520069570217e-6
1.87841391197489977e-7
0.0248600424429525971
3.56844804213270889e-6
1.35230763765146178
0.00677948639386858568
1.2199533523757805e-7
5.89485306972503675
0.0217951471609234212
0.355600336558410501
0.000958292660691034454
5.12066033608748494
0.902853901639758427
0.0590685483183925539
1.28166245042940229e-8
0.000952828621382880553
1.70781975589750603e-8
2.49287750873404704e-7
0.201464996645644184
0.142458111071267712
5.85870210807270162e-7
0.185581977437765305
1.80264041249153806
0.000098676529901335378
3.28907108172765144e-8
0.419547306998000635
3.64359324940252375e-8
2.63462996562371998
3.78170612956061621e-6
0.422574546156042563
0.0672380398002961899
0.575208112444317909
0.503383039825196943
0.0158352731551487727
0.141384177188153604
0.000016128957782141665
4.14748613012204641e-6
3.35687890950813045e-6
0.806567413372858311
1.38834378358371469
1.31120856916517647
0.0611154599017575753
1.76178238419119474e-8
0.0186314924395808261
0.940499548498809901
0.27080853031945229
1.16431382204385412e-7
7.11618447000821827e-7
0.809873043459791386
0.95079433246404832
0.262908357729151387
0.0375017018880721489
2.33694287428500758
0.869520715352780971
5.33691961841632493e-8
0.000713220025931425496
4.26994405281272018e-6
0.463041224033635401
3.73103941776232206
2.09943731436586255e-6
0.064408883821402127
5.31797279845817998e-7
0.0287919891629473505
1.83116809667858194
0.45873563801813233
0.1289853345931469
7.73263396332884439e-8
1.07418637742846635e-7
4.80300806775719753e-8