1.87013698896012812e-7
1.55850126526530429e-6
1.63310410254639439e-9
3.05471901123899503
0.685587386702063983
0.127044918868822326
9.58582561362889373e-8
0.255040154302292488
6.80980657559233229e-7
1.38965896320488502
1.01665948207370893
0.0997874260557028853
7.00875208696252395e-7
1.79570283875142589e-7
2.34707306296710272e-8
0.45988846216058249
0.0111574850512995202
5.39842190774059283
2.52492678278474132e-7
9.55199901754183461e-7
7.38097840494250261e-7
0.0604664215711271241
1.1193289072839992e-8
0.127044918868822326
0.0175395021154667978
1.41161433302071442e-7
8.58282427914737901e-9
6.57014516902962228e-6
1.03761659527355541e-6
3.3049348949036525e-6
0.016222508127745075
5.71654407582350288
1.35219638449879298
1.08436038057092676
3.3689335204722577e-7
0.178153131381528468
0.954926581334464841
1.0669307864086397
0.0000108062407836357425
0.112956047783804608
0.150154780488122974
0.000190321470107664625
1.25779749620751224
0.0221387501581184788
0.991644934456482163
0.105465572632934726
0.2392549254209142
1.42075739766361321e-6
0.024075043549454174
3.87281992056556162e-7
1.00430809592045328e-7
1.04189811757900364
2.01501118386746824e-6
0.037836192171039118
5.79021588746800157e-6
5.48862379497771888e-7
0.016222508127745075
2.80647730196173801e-6
5.6978837439795573e-6
2.37603351362777816e-6
0.00780014537415049322
8.72846094836976287e-7
0.0902956324661873255
1.21569013113935487
1.75857470838403514e-6
0.0654098966590206804
7.47394024888723152
0.31100115820720059
2.77466162067964864e-6
2.3047762956914748
2.35061508256411745e-6
2.73956523139535588e-7
0.737775889790265649
1.18028077725863811
2.51390235273094776e-6
0.679908849983499986
9.51802440665653822e-9
6.11852460923276017e-6
0.57566691617135346
0.0000775307939927364384
0.113259317716421268
1.09708156660042237e-6
2.16043735946555662e-6
0.196075094637325892
0.00035652259546312511
3.05471901123899503
1.78541595940744091e-6
0.339923512987976295
4.88987937718423032e-7
1.13218452544282143e-6
1.50932119453324886e-6
1.69521895654617261
1.23828949825129086
0.0754803879912739617
0.589142062384197751
6.51978149632419258e-7
1.2766154089823117e-6
3.00631963325960949e-8
1.85241015663899381e-8
0.275465763105167405
1.79472825744353237
8.68827656845576791e-7
1.47931711283571955e-7
1.94422621428455857e-6
4.27214434575556309e-6
2.05172521270840855e-6
0.941908726108879546
1.66228106128183493e-6
1.90947891787910218e-8
1.14981046309453272
0.630471539622182942
5.04067755384620462e-6
4.2295609976867345e-6
0.667108144687454274
0.467668784200712784
9.149624036115154e-9
1.02796982073339871
4.05456278894379988e-8
0.372406432793488284
3.25234485370796088e-6
4.16773824731965368e-7
4.56077142041184066e-6
1.16346677249096388e-8
0.194643294291115709
5.64184034195625259e-7
3.93255410024666197e-8
1.04094915653227537e-6
0.00428380998711033051
0.27080896807388638
0.270060623222537488
5.93205049181530691e-7
0.613209339390221819
1.61446318953554571e-8
0.157586440470691813
0.262209324454823978
1.37969388806304242e-9
7.66048425644829201e-7
1.5458513974884518
0.926424598165106805
3.08708347515018566
4.84906847117371625e-7
0.00182206681479362624
3.53142043911064185
1.08805420630254268
8.35812698032603474e-7
0.0200761006931579958
2.00718847914322041e-6
2.62777739050384823e-6
0.608495063678754611
2.38904395718888942e-7
1.03160111348072858
6.52259334215182326e-7
0.204392028433640849
0.231150488272966664
0.674904856905469419
1.53175252571516955e-6
0.094170336391040374
3.95516668963579185e-6
9.19531460492689535e-6
1.10588767156094492
7.51030106109601758e-7
2.36716306527342745e-6
0.518957119395309308
4.11963577584614249e-7
1.54209750900373254e-7
0.464576719934112259
1.1911688988514288e-6
3.84025807542735603e-6
0.237125205693906105
2.5288769641329042e-8
1.64922667547673241
2.05607010562145365e-6
0.275465763105167405
3.35591007687626453e-6
0.188757947521177472
4.9409178501125126e-7
1.26476043701375868e-6
2.97919307233584524e-6
0.367410280663965638
0.138966038786845714
0.478891447576036522
2.53833584544727333e-7
1.28596447920728436e-8
9.3894881939906854e-7
0.48820919290359005
2.94479131367777436
0.120855893798675923
8.83741559309673086
0.311015569836512129
4.56342994028120306e-6
5.97229797422648513e-9
0.356933050185365919
0.14570113041460786
2.32582008505164328
3.73090854212026301e-6
1.8260480204060503
2.46168924920169285
2.96274656484865906
1.10830481356227772
3.74848356129493747e-6
6.45599918426375119
0.133221798204835568
1.37821072844872666e-6
2.54248353003663263
0.0000157828778973059973
1.20389667903796354e-6
7.12136346150320531e-8
1.62123903392523618e-6
0.0000139839251600041342
0.534237512133511672
2.05607010562145365e-6
0.189281351786187158
4.11963577584614249e-7
0.325621678338798404
7.29452212382936966e-7
0.47251042880404498
0.496449880226916163
6.38007247165571556
0.452840613415998461
4.8347395811269719e-7
0.00984908688937158328
0.355142912170971492
0.988670619639959058
1.48822562078773934e-6
0.498243609168337431
1.28123325440279068
5.91304840368474345e-6
1.06180735837322837
0.0766997531618637818
1.05556729727755974e-6
4.36837225474869624e-7
2.20596328209606529
0.00780014537415049322
1.71898340411223072e-6
5.48819894065372308e-7
0.00499496864454736667
2.60383224856676366e-7
0.0498207457290209196
2.05296662621484602e-6
0.6070077114290513
1.76061823305208698
0.0202848774529678887
0.376315769761753072
0.339936784397545599
0.471657716650880521
0.00155081832000303755
0.0103215098836781094
0.538260336809233131
4.38973353850839678e-6
3.12293061428692064e-6
0.131309044219887428
0.0646062393382693112
2.08105773942083803e-7
9.98813228911561179e-7
0.00003157365679218988
2.79459852549430232e-7
5.09819087257448705e-6
4.6205867588171472
1.01587474917135336e-6
0.60650176383017329
0.362443016944228036
0.152003892643176236
5.07923868046117569e-7
2.83154048500820234e-10
0.369745773796724464
6.05458343687748555e-7
2.16965167774579681
0.639205396456013264
1.00347925289744318e-6
1.64482514677268131e-6
0.174258008828714145
1.02657047585478889
2.12619650435020002
0.914627775316159575
6.43598832630650404e-7
3.80390455465475458e-7
1.64126129516927843
1.2766154089823117e-6
0.281655684313512844
8.17942524799484251e-7
2.47880156451467126
0.340994983504045224
3.54703643740569873e-6
0.000143193818427269948
2.9795349148605137
0.000021525645421540721
0.00589244811467458558
1.62452678068865586
7.11924766051626155e-6
4.15450873553121006e-8
1.23521979782614636e-6
1.92037515068720983e-6
0.41244902521350002
1.14166144624765001e-7
9.55199901754183461e-7
1.42168305363203123e-7
0.289522997299069773
4.30478675543400971e-6
0.0000294517356576105901
5.07830750355258242
0.385386391253523197
1.30922277100329741e-7
1.90556509473904898e-6
0.00002137079193601814
9.39914514976064911e-8
1.38693514717235069e-7
0.318138292001166001
0.0148100790769746422
0.00589244811467458558
0.080871698169425979
1.0642726580942385e-7
0.00709831062466735781
0.206966388598078172
1.03019110404511238
0.0446020252036077452
7.59739725225734076e-7
1.36385749866442182e-7
0.841991051473245933
0.758180149898210476
1.73245138298107237
0.05357325325738891
2.94647345391215332
0.00039864653773081523
0.973802540557928142
0.0176980065215851246
1.16925331206508787
0.000407095037787406834
1.27727834211180635
1.5510317976657735e-6
5.67403373702393387e-6
5.72994407816191442e-8
2.29631744902890587e-7
4.91212153822127311e-7
5.07972454122995486e-6
0.136804672836630004
1.05856405940956622
0.405060288140039471
2.98995670940457612e-6
5.17917094457869815e-7
0.210147717025438552
1.51426670009616234e-6
3.20066869653641506
1.90104684951985451e-7
0.000264088698135315992
1.74830782287531861e-7
6.56539672920611483
1.7255487622134325e-6
1.79067070511909071e-6
0.0000134741170748166297
0.534203713305133498
0.0437337768797043946
1.92970068012688767
3.09404884040620616e-6
9.08224203808599531e-7
1.91731807202974162e-6
1.23791737687142556
5.35439015319298925e-8
1.7938239882101179
0.983145713285744738
0.0473518210734997641
1.84038219323151298
0.0149953698670073285
5.36531021192836843e-7
4.91212153822127311e-7
0.220767955566785856
0.0777602854938223009
0.225626766707452825
1.18815889680477838e-6
1.99612490304143146e-7
4.29425938662577478e-6
3.5041455809882488e-6
0.0139718093753439746
5.38020236563585976e-6
2.0436331405272914e-8
1.71898340411223072e-6
0.924698659801347689
1.52313546676379278e-7
9.54850304422822007e-7
2.71297686807571381e-8
0.507447688168583544
1.43454788333740174e-7
6.22633294897873078e-8
0.142895426199051184
1.72283293972980833
0.0000245242805706279365
6.7197116855666188
4.144599450008032e-6
0.527434164317424625
4.93267832532911195e-7
0.500431032092470973
1.25950929945184774e-6
1.53968755432342456e-7
1.38925325783561027
1.46697689469942764e-7
1.74766257147430326
0.0564177428359729505
7.73125708713048148e-7
0.26451297509212901
2.39861584305231506e-6
0.0778758753432917256
0.0573534341914127277
7.59739725225734076e-7
2.17356761369026194e-7
1.25174773469761935
0.0000236802372839838844
1.31630966702777075
9.04710444977130407e-7
2.36613344314667982e-6
2.9250436615306575e-6
0.0000187387163871361793
0.691407653522740806
5.59819330425255059e-7
3.28051716476349748e-6
2.42818659458943135e-6
0.0361568247533699677
2.27330627638496515e-7
1.16590841825098441e-7
0.279023913654941114
0.592909984733381079
0.0202006048651154312
1.02566121025064882
0.770813351658999557
0.108912136319980063
2.75480277453996823e-7
1.81734798494401266e-6
1.97299719777148908
1.15119582115203931e-6
0.0148100790769746422
6.27798371260493194e-7
2.90254178190275628e-6
0.164715109183037278
0.0267327400105221782
1.35230699608182325
1.44764559076494986e-6
3.19436576164638615e-7
1.91917394463636242e-6
0.933853159210533912
1.7009787968639842e-7
2.51795043881649949
7.24201044714165839e-7
5.8129295131324235e-8
0.296692412397144611
0.155727122977049687
3.59274935630544625e-6
5.17774264589100476e-7
0.0810660416435228654
2.30946345516452871e-6
3.07760894834856024e-6
0.000143728623347529034
1.48809426569691991e-6
0.977865947364128352
2.50238567152985148e-6
1.69521895654617261
1.2986600925682823
0.00669850529839383351
1.27225528338160321
4.5418329645113964
1.34595087324899772e-6
0.0426636601691708986
4.7340469191045505e-6
0.0693266743051524914
0.0251645772138613319
8.9550921561242572e-8
1.28596447920728436e-8
2.82099411205449344e-6
1.9234601731642555e-6
1.15917334193732332e-8
0.0967241958324520507
2.42369498214171792e-6
3.37239339771059443
2.93342886025634764
0.0399144770162896192
5.69636954735138989e-6
3.84598022979385499e-8
6.31054862321078591
1.12408210495309428e-7
0.0000532398718353560075
1.30922277100329741e-7
0.113694321822414041
1.27916116542113967
0.419551263518103346
0.0789787489971379569
0.108818472152801396
2.26080170427907603e-6
0.0407133213715678913
0.372406432793488284
0.935885604862738307
0.105982988081528437
2.62659614213966362e-6
0.121254573674740851
2.54908569968151613e-6
0.0235098849215700685
1.12616978310745512e-6
1.13339426159127438e-8
0.00666745375389306196
0.802990967944133494
0.0558839074094082053
0.373454224335950546
4.41208909281713215e-6
2.62482901061310885e-7
0.0000157082670060891875
0.602004636102046464
3.8156399324958361e-6
0.843318971132149042
0.000144211422560819145
2.36859642076089827
0.138307548870221564
0.845703327213665701
1.59060157375675126e-6
0.983145713285744738
6.07247572515107326
2.85316367251242431
0.673053273748727698
3.74848356129493747e-6
4.19055465484432265e-6
1.01373038818021954
1.6252256797747859e-6
3.90388343469380676e-7
0.00587327014685780184
7.59739725225734076e-7
0.215180421244605596
4.03718552502930223e-6
6.15827508936246311e-7
4.08484183669753076e-6
0.254393248594139698
2.89236396254552815e-6
0.0533408355817601709
0.094170336391040374
1.0610745800146244
2.3164474615841627e-6
9.59038166522095658e-7
0.000990557401856332698
1.28470083624443013e-8
7.00875208696252395e-7
9.36234698034370329e-8
3.88510444496003693
1.80827251131887872e-6
4.09345296850784202
4.20449416005457257e-8
3.24589706024086234e-6
0.916853787739378867
0.0000285737099213055921
5.42247656639265237e-7
1.08116101003192444
1.45482806526230856e-7
0.0000206495658182242866
1.66323937404966005
0.154706368352554413
3.5941307690387841e-6
4.19055465484432265e-6
1.99666236289296672
4.90544123811472506e-6
7.74422780135900899e-8
6.50021130541801373
2.27779058329879989e-7
0.393393872529435695
1.12141964188584142e-6
0.184038056897959185
0.724412468533372933
0.30374359364063297
0.000204811678529472492
4.09433098147999109e-6
1.56535771239313419e-7
9.39914514976064911e-8
6.75726017080236844e-8
2.41316092759653806e-6
0.105087290144516066
9.55199901754183461e-7
0.173721637945521867
2.03943396598175076e-6
9.34420803261257049
0.021852199992870882
2.98868487431369256e-6
0.342347684762917936
4.2607073996044736e-8
2.33662702839676523e-8
2.15798463821100128
0.00049586263841749727
8.52986087598430323e-7
1.41071339222880066
1.81734798494401266e-6
6.75726017080236844e-8
0.133221798204835568
4.66386808373863633e-6
0.76513829971653502
7.90222546398818614e-10
0.0449642798715659681
1.41592454409080866e-6
2.9604285877684009
5.35439015319298925e-8
3.79304481425229477e-6
3.19225940298253093e-6
0.0642021297499008048
0.0617956985636649095
3.92075428746326615
1.98686988271154087e-7
0.0000110459589003330756
1.86932075984808651e-6
0.438930013960455556
4.81824139013045143e-7
0.0159534524832634778
0.0000119729661963249788
1.89317404192426486
1.24433341751345282e-6
0.230266740282775884
2.57246115148749302e-7
3.23736254155989511e-8
3.03672422944091134e-6
1.62034846543129024e-6
0.033769548206504657
1.21272665482774111
1.42096289418899767e-7
1.17866648550043078e-6
0.150154780488122974
0.104838597011279483
0.0304900930183015645
0.0556285447951063924
1.11988218220698732
1.56410202735058412
0.0410418476704437693
0.00837622761713645997
1.48267273038901548e-7
0.0060723806486161977
1.54426914063558929
0.0662866425068308895
1.3112090657434321
1.68590035136456735e-6
4.91324401445850277e-6
0.000204811678529472492
4.2057786810046051e-7
0.178895761587229557
0.325442963863982138
1.91426553673662062e-7
0.339936784397545599
0.0789787489971379569
0.471701973985916401
2.93024495185283484
9.68921850309606223e-7
0.0397265761459336883
0.493430943721341331
1.17866648550043078e-6
0.436173608476495334
1.50709506573210783
2.05296662621484602e-6
5.66312699444712405e-7
0.0901842922094544114
0.347210561342344126
5.58504119113553175e-7
0.608495063678754611
1.40903047434389642e-6
0.59439152208352164
8.53125444170251152e-6
0.108818472152801396
1.30800791418720563
1.31468124229791505
0.00950150841212951333
0.0284086962645201425
2.20620537700194097
0.548132200378919299
0.0000159617938900219948
0.299387274348937693
7.24417520296754315e-7
0.00499496864454736667
8.94920893449935199e-7
0.776562378625026639
2.42729704123102108
2.17112995160559861e-7
0.0137586369133562633
1.44987061170240894
2.90499162995710769
5.6437014229008237e-7
3.91557118542122389e-7
0.355142912170971492
0.135673899292806627
3.99355760925166253e-7
1.40756336977290042
0.0000119729661963249788
1.92861248992586105e-7
2.97714731108734311e-6
0.469575897645344798
4.40303112897588908e-7
1.8970772978550341
2.79960405962395255e-8
1.30545955944948797e-7
0.644016850879340685
0.0000191328612730190962
0.110930498754319914
0.120855893798675923
0.259294400203747222
2.23775215962183122e-6
0.72596873832662312
0.681131471815197509
1.25880379285014978e-8
3.61654570070154868
5.86100122528408127e-6
2.10524726054097266
0.450352084179936274
9.27776138511284843e-7
1.83342557607307877e-8
0.19229666542341356
0.0202848774529678887
5.80822811312763807e-7
0.0538478919088153582
4.3756193328084491e-8
4.80526895775722026e-7
2.18065556919311347e-7
2.66662105925190307
0.16751033613950142
0.0399144770162896192
0.460476492423901873
0.173859444208049746
0.332923292485279243
4.07884658195671621e-6
2.56774477703345696e-7
4.99439981832975412e-6
1.21884058071723734e-6
4.09969795842368612
1.18815889680477838e-6
4.19598497467838345e-7
0.296933652511995716
0.0234124273046518554
6.05458343687748555e-7
0.204392028433640849
3.99505715035672186e-7
0.0642021297499008048
9.69103682862268295e-7
5.6437014229008237e-7
1.51573746569842093e-8
4.9794670158818523e-8
1.41671236317747504e-7
0.197462541530212504
0.0146758457997062438
0.0108004297927142296
2.96720043380142946e-6
0.250309321086181424
7.18553112318782235e-6
4.12663573258129079e-6
1.73095001735942677e-7
0.101018646119833994
8.65477347700563193
0.899437408962196372
1.36418603163798131e-8
4.18372182553997518e-6
1.84665720308639854e-6
0.17717639662474699
2.15636548654625045e-6
0.240393345693017596
0.00446677602542876109
5.45753739040002333e-7
2.60360696297299521
3.6725262330992452
0.41824091948965092
0.883575902918730449
0.424377443774142882
2.99102472381510937e-6
2.69379268166980101e-6
0.000652641333559911708
0.0000113467917935629387
0.351602128238285017
0.117353558550494619
4.54768489744612037
2.21761577438832802
0.466953155521691199
1.15495011100628231
3.79113250371981131e-7
1.911373597083174
2.14524493537069748e-6
2.46755637964891972e-6
0.132883797526318903
0.991644934456482163
0.0219211154516621293
0.0160856442669773808
1.31327776454696155
0.581939876087267383
0.65045030009029936
0.196211446732220213
9.42779520058106071e-7
0.0935780425674943989
0.0060723806486161977
3.24589706024086234e-6
4.15450873553121006e-8
1.79250366247528516e-6
0.165820510612999239
2.22902930176258307
8.0501793579317104e-7
2.48146407524937126e-7
1.5475948687443188e-6
3.92352995032718255
0.272500197840494396
4.27569975858253734e-6
2.01146490343095219e-7
5.54383517223623016e-6
8.31770777847615258e-8
0.534237512133511672
2.03969790318211386
1.2965293262486467e-7
2.00963354611875644
0.0119315378377983453
2.87150517189014698
2.33726106427328825e-6
0.00155081832000303755
2.71716108384943041e-8
3.26880131891979505e-7
8.90295900165373237e-6
0.0136353085662189316
2.40313223878684932e-7
0.863410157061743511
0.318829216992333575
8.04152169773434457e-8
2.20440719137296518e-7
0.783634602340246067
1.12916303174441463e-7
5.95382715618753426e-6
2.71141170250080642e-6
4.15183625827476608e-7
0.227690742376643634
0.0789787489971379569
0.255040154302292488
0.0410418476704437693
1.8215038398409964
2.27330627638496515e-7
0.17717639662474699
0.37750258845188478
4.01266200002697984e-7
2.14036004025799587
0.569377955991138496
0.370210277823413536
2.31897424462358122e-9
1.71710740514631945e-7
0.163969486394313385
1.60133858391070093e-6
0.667161086601289477
1.970576953813944e-6
0.446119740590582292
2.09756293509880727e-8
1.69009400033208657
7.72098804211605335e-8
7.08271237120263236e-7
9.65581977522995416
0.0000102384829757695625
0.852550110953371187
5.09482478805405557e-6
4.25961568956167168e-7
5.09819087257448705e-6
4.18980855103062488
7.331135314447792e-7
2.72596213792310982
8.37113480071714369e-8
0.06594088039898649
0.165998075525881722
8.71122248862435828e-9
2.38826691193559082
7.95944919641753846e-7
3.3420401806156642e-6
0.147603010771308413
2.37340398999242401e-6
1.33071976773065481
7.18485465963807712
9.74119841788979846e-7
0.897841547829621001
5.70925000535673674e-6
0.252242879290122846
2.60492231781922756
0.864633115598617885
7.8308034251360357e-6
0.0570319542240900201
2.54908569968151613e-6
0.628153019350423114
7.50181277288554682
0.140942004509703261
1.32966370320844796
1.17777611077089259e-8
2.09556488254335912e-6
1.32920093497353342e-6
2.61526609256360683e-6
0.205658632986203627
1.90447099995930258
0.120926980646883661
0.183765037056786762
6.3732339273032566e-6
1.44664251505260522
8.80400125222733665e-6
2.26810592931959787e-7
0.0060723806486161977
0.0250370837276106331
0.0284004039347575642
1.32653824908892096e-7
4.7621733351940847
0.0861136209126996954
1.42350571380578846e-7
2.67141991673312873
1.90104684951985451e-7
0.332923292485279243
0.0029525834858268739
3.46677226339247427e-6
0.863410157061743511
0.410981889540981693
1.33139003989766227e-7
1.39828524017312364e-6
0.0318286622348919052
4.53633473897376316e-6
1.16064705305463157e-6
0.000206188959360277118
1.50513804026672404
0.0503334977734530009
2.40213127773780022e-7
0.228117140511967298
9.809537086296005e-8
1.15551098704371382e-7
0.469575897645344798
0.51347487386770041
1.39061655560490719e-6
2.16618965414291009e-7
3.20695534613207337e-7
0.000408618118460112945
7.8776327570670599
1.07522549292654142e-6
0.10916618723108272
7.80991631037499255e-7
0.0672636072495702286
5.82760169026169327e-6
1.5360190892884074e-6
0.0233506643983870422
0.275465763105167405
2.04618294441873827
4.49917488651634452e-7
0.134667049312135634
1.09979908273126548e-7
2.44728668975958108
0.0666781085884100705
7.85067166943920088e-7
5.01840066493684445e-7
8.21160443329136537e-8
3.59711565404660298e-6
0.537464221318559088
0.0000187387163871361793
1.05181584984013377e-7
1.19737287676064019
1.75857470838403514e-6
5.40632300596909265e-6
1.17806741015815652
0.592325932034599156
0.00211133500704085422
0.00339455416371539295
0.000184189256434069476
1.16669457111609898
1.16025204634285095
0.349636393180141503
0.265402947578965931
7.24033427212916339e-7
1.50804166626710523e-6
0.0000129265204649484316
1.69868847187542013e-6
0.0000894352352219318305
0.405060288140039471
9.41723355459555435e-7
2.18020957022677368e-6
0.290373496549824084
0.148452467916817432
1.46659427969317146
1.29096396143100195e-7
3.36076397554609164e-8
0.182521430147124575
1.31289720875256293e-7
0.0404150929153062263
5.68172583341368309
0.0915796485729328119
2.47257127778706476
2.52605979624660559
6.7056893788150831e-7
1.14268291685975276
5.05595251825888046e-7
0.0600243700926950743
4.54663812349580589e-7
0.431659465138585163
5.04770313328217005e-8
6.65982412521427659e-7
0.347498438968798229
9.36234698034370329e-8
6.57014516902962228e-6
3.41917356206227983e-7
1.93025363858142007e-6
0.751677197168002853
0.931106605637725959
1.3300770103115227
1.12670668440983906e-6
3.67863071372033984e-6
5.17367978083891587e-6
7.96671356454199602e-6
5.81418653641084151e-7
0.155878614302030594
3.23736254155989511e-8
0.0200095125422335186
5.58930046381357841e-7
4.35571277572263349e-7
3.32673403259876362e-7
3.22748324075308873e-6
1.97299719777148908
0.000927324992182327929
2.05322782033240436
3.62828592547638333e-6
2.82584652201029918e-6
8.11458965357236244e-7
0.787972188585148836
5.82760169026169327e-6
4.30763644225877281e-7
0.673435511860348335
2.26838437049703012
0.075587897674105356
9.43171554461689018e-6
2.21379665125174863e-8
3.68151420710207589
0.900642758541462585
2.79374487879507212e-6
5.32502806682210862e-9
1.29815360708229399e-6
2.85442028156936319e-6
5.02326702150470804e-10
1.65237714320557007e-6
0.228117140511967298
3.13752523983071591e-6
3.94233469883967881e-6
0.991644934456482163
2.33726106427328825e-6
2.59732819734245446
0.176767778958760502
1.99140865664117395
0.023353533056204745
1.27210241590476485e-6
2.51795043881649949
1.31211701578612994
2.37945901414979199e-8
1.51262761035306744e-7
1.44846890668047625e-6
0.318628388677445584
4.17972211301706437e-6
0.743083970677744454
3.95516668963579185e-6
2.60118472476570117
1.67661695070367753e-6
4.98806635881385878e-6
5.59680460674562734e-6
1.46697689469942764e-7
1.04932723135822486e-8
5.13415747376577672e-8
6.06442096338499488e-9
0.0000163216000642614451
0.00373566614528657347
0.0716403250243482365
1.40546261550320464e-6
7.50401876480499317e-7
3.24550454625769184e-6
1.1835529394393031e-6
1.61019706065110934e-6
1.72821468531331795e-6
2.33215295463372941e-6
3.16694683385028044e-7
5.91568473750879635e-7
2.18503738210293896
3.03233882420971348e-6
0.231150488272966664
1.59433199916397217
1.6039642300938608
0.149469244149284891
7.02658109947912113
0.618644301870296731
0.679838073528032494
0.141339597511575016
0.20009202217050634
1.34921148244752964
7.6786642515317881e-9
4.30882857190322144e-6
0.0423517245778046794
8.68827656845576791e-7
9.38506951291334682e-6
0.516640723798148849
0.0186577363298999072
0.131309044219887428
0.0473518210734997641
1.08638426423734136
3.942755644200824e-7
1.51065580666606447
1.49970658467006629e-7
0.11484064920265108
1.17654210999748024e-6
1.4130316579559496e-7
0.00758685067341052788
1.17459935058481668
1.39012058227505864
2.80570306338723663
5.47938210557161319e-7
0.0000137157421153202015
3.42149258511305283e-7
2.68083222731965076
0.214028772139142592
1.48772635965869004
0.832235500107365578
0.823240861044422623
1.24456517984723436
2.45619759831548066e-6
1.85009441360177735e-6
0.0267255426739686983
0.0351845542931019314
3.96566173379128782e-8
2.80261824020863158e-7
9.36234698034370329e-8
2.80647730196173801e-6
1.37066345990074145
0.922895549726632347
2.25552827631542785
9.3168136413516969e-7
1.09148376172247152
0.110814567102168804
3.33502134084024478e-7
1.42962059932682228
3.38380083841102675
0.612325124498143136
0.0081746687429891142
6.15553030504864839e-7
4.17972211301706437e-6
0.0852455525718369134
0.0828989818905856851
1.18672736359881894e-7
0.997617590251288933
3.59869174674753408e-7
0.226459436395976182
2.97915138929719713e-6
0.0433838001994604969
0.667161086601289477
0.113694321822414041
1.13611750168943182
0.000298059554198251079
2.17995401139299367e-6
4.01821404280774145e-6
4.63120425070050618e-6
3.99960857410688853
1.05164475712057478e-6
0.356933050185365919
2.57030766612874784
1.36376484744136994
0.0267518817776987439
0.599789271155551473
3.942755644200824e-7
1.64482514677268131e-6
0.544822311702156226
3.92566865015984343e-7
9.67646617463080982e-8
1.05270191566414764e-7
4.76335173296803926
0.992693927567680379
5.65192295217333542e-6
1.17392434945167944e-7
0.946125207868002138
0.259294400203747222
7.64209596946505984e-8
1.98577308370059068e-6
0.00332381550868774767
2.46487850890742456e-6
4.30262045383012929e-8
0.67900058355439008
1.45868840352532859e-7
1.14409114402664685e-6
2.17582672370326821e-6
1.54426914063558929
3.71135978980256995e-6
5.6730639542185191e-7
3.44176947573910585e-6
1.76010327054026039
7.11153645341829939e-7
0.0216723708538908537
0.0363629364970404767
5.70398665305596264
2.98995670940457612e-6
9.44653087742582483e-6
0.0000221558685906026111
1.39031446458559313e-9
3.95246846786536605e-6
2.92031565537399591e-7
0.313079706344170983
4.75304568743114007e-6
5.28640311124986865e-6
7.33709212238596049e-8
8.94932333750151727e-7
0.133801657823992309
3.78636353189343026e-6
1.09435675929888236e-6
2.84838394034334321e-7
0.684975882913867906
6.84343045331076413e-8
4.49712832423347653
0.246101090305562348
0.473175892932980236
0.0000332097435094006263
1.65050818706281772e-6
1.47075097728267004e-6
0.510112438457619333
0.140131848554424648
1.52524339839343803e-6
1.93660947421110155e-9
1.67198497487004531e-6
2.10822550993640601
1.93903700896851805
0.112815397964500408
0.481124903543140359
1.99666236289296672
0.980264379046383971
1.73826343750813991e-6
1.28366814995989232e-6
1.3112090657434321
3.58346396268599336e-6
1.04444758613982051e-6
4.2604674222285783e-8
2.01880530931832587e-7
5.37571100733690077
5.80778987525641351e-7
6.72155691068227754e-7
5.10839930137724538e-7
0.00227245897830599978
7.43470343928711222e-7
3.48421384436801995
6.42246452571908222
1.03395909844921174
1.07189266490768996e-6
2.12619650435020002
2.15911299119371094e-6
4.8063770393684806e-7
0.106885689017696281
1.4384417387951046e-6
8.4668524697059685e-8
0.0831531902544919988
3.00808992498475725
0.481124903543140359
0.968654412707440127
0.174258008828714145
0.318325945156282264
7.6786642515317881e-9
0.194643294291115709
1.3057930009092116e-6
8.45874648559460989e-7
5.26975389224129254e-6
0.903475489718117086
0.968654412707440127
2.11568676361793708e-6
1.06936479518523408
8.04152169773434457e-8
7.80767226587820211e-8
1.8124459707871754
1.46981081817050341
0.00729841029632523862
2.26481250240672782
4.90613227508681558e-6
0.275233167993781502
0.00446677602542876109
4.63608680714020393e-6
0.291607849583869261
2.94240348990189648
0.00669850529839383351
0.275978101121548136
0.0065026923690008993
0.360167050073361306
0.152416959943130065
4.18372182553997518e-6
0.0488619161235149188
7.31189992825132588e-7
1.79013316725247083e-6
0.551536694509768166
0.425479663723994428
5.21623873411151383e-6
5.04770313328217005e-8
3.24844259553803782
1.13543944768288529
2.88436863057507997
3.86086404400800295e-6
0.399398753121223638
0.00177845431356383793
1.00347925289744318e-6
3.42149258511305283e-7
0.19229666542341356
5.40304878368551183e-7
2.07141912480343304
3.5834807607005015e-6
0.296222286743384744
9.00779330098158415e-7
0.19229666542341356
3.5041455809882488e-6
1.85085551408017159e-6
1.08864919677785978e-6
5.87560757086961215e-7
3.03672422944091134e-6
0.120791018625522245
0.00103259890620576627
3.77694671275856484e-6
0.288517303156598515
0.0267843144482068952
0.11484064920265108
0.117818899902167332
8.13956917820725643e-7
3.66739187045857484
1.41383399263938658
3.60610638812266693
1.90811088855753471e-7
0.0326080967081937845
8.10174134584501725e-7
0.00780014537415049322
0.131309044219887428
5.53229776886877289
4.34628141552862165e-8
0.084031154674868852
2.14015987618398741e-6
0.0160856442669773808
1.07522549292654142e-6
2.28545037972363829
0.0301303233181931737
1.8681444556075174e-7
0.445784975582277643
2.28279002632697558
0.0250370837276106331
0.305899854506732738
1.68809774265942473e-7
1.31030591595039314e-6
1.11373354690634385
8.26934276261947487e-7
0.895397147102379276
0.0000179332584457327265
9.98813228911561179e-7
0.532266469702428746
0.252242879290122846
0.490695921549801073
1.91398249161568699e-6
0.00331853334194605895
0.304362619405951662
3.51244470585920036e-7
0.275978101121548136
2.36493968436676205
7.48105459391315548e-7
3.24589706024086234e-6
0.526048471713487231
1.12537248248336042
9.19451585965346797e-7
0.751677197168002853
0.520385164376708231
9.63773616311013341e-7
3.18521864818521593e-6
2.19512592309433963
8.55386770983593176e-6
0.232268756949424893
1.74172017232943066
0.534237512133511672
3.16375365302112458e-6
3.5041455809882488e-6
2.69128801780042201e-6
0.167585650888173149
0.6070077114290513
4.78326497074569446
0.180935589263397228
4.87099535047782695
0.0687414339465215185
9.56743140462883267e-8
0.0233506643983870422
0.0000306364310086546388
3.12293061428692064e-6
0.612213047195552584
0.386977891356577064
1.32115230440097686e-6
0.304860043394319713
0.935885604862738307
0.0171940600343263965
1.12616978310745512e-6
3.41275300254688396
1.29815360708229399e-6
1.5996290026826928e-7
0.599789271155551473
1.71962629374273912
5.72588706262424821e-7
1.42766836276775
0.00313877693578446101
0.422016013672571522
6.75726017080236844e-8
0.343246292770577
2.3094992697062941e-7
2.69822955858953337e-6
0.332639991728854223
0.104838597011279483
1.12657300983863987e-6
1.25204764160718152
2.21245051745101762
3.4936520522050114
0.450352084179936274
1.03564189954459152
0.332788104360665971
0.219348125098752844
4.23661707192155923
1.22922526011892445e-6
5.5619704902008861e-7
0.524271396176034465
1.07246773599372958
4.43411973656495578e-6
1.23223934418339942
0.458737000656004035
0.428259934518889662
1.32020247058185936
1.04024925063641171e-7
4.63854836142648522e-8
0.00128572558413320853
0.127515399846015121
6.18363263633935886e-7
1.56807032733617402
0.697285314305708614
0.0000528467946724643973
0.0766396774692359728
0.023353533056204745
0.237158419993254571
0.179569105148633307
4.23916758013739873e-7
0.60650176383017329
1.42215125719705482e-8
3.58414768171921713e-6
0.000531809314539928991
0.147603010771308413
3.54629774900178811e-6
0.135673899292806627
1.91922037012029665e-6
0.538260336809233131
0.372406432793488284
0.0747853134429397881
1.65707084595416996e-7
5.73687868839060507e-7
1.1911688988514288e-6
1.91398249161568699e-6
0.000730780814611788824
3.01264380740910416e-6
2.46487850890742456e-6
0.000249303346960848759
0.304802050878575981
0.00478447101893830426
0.667108144687454274
2.58132997074192954e-7
1.9207872502947283
0.0894091029532556592
4.9044979870233273e-7
1.75857470838403514e-6
1.703645029100113e-6
2.21379665125174863e-8
2.05607010562145365e-6
1.14669191169899547e-7
2.7763101634120515
0.0000232074587555052464
0.417102170777407744
0.154120059382138741
0.924698659801347689
0.0000182030917468138121
2.03816738449053677e-6
0.0000202704175330651333
0.196211446732220213
2.17010733486028045e-6
5.97229797422648513e-9
6.01828472511745754e-8
0.0533408355817601709
0.289227813004029444
9.6010658506519643e-8
0.133801657823992309
1.89749877768059558e-7
1.05708615659615734
1.12657300983863987e-6
0.131309044219887428
1.31295559105665244e-6
0.0107011246772894149
1.87379319555855095
9.9384909599708062e-7
1.19033549192541204e-6
4.40701641120738144e-6
0.000572912860723716441
3.55255738684331753e-7
0.498243609168337431
0.052941588789811013
4.68680649342152299e-7
0.0338930182640795885
6.19103643856293993e-7
0.0714140165804511978
0.0962541393682446178
0.961687840650053749
0.109577955820921044
8.46131222016559881e-6
7.77128679753180317e-7
0.0267345367255019742
5.5781545350237967e-6
1.70692448227967919
2.49245064330904098
2.33868699500839927
0.446119740590582292
0.290928675891974353
8.90295900165373237e-6
0.681131471815197509
1.2276171494229396e-6
0.0798518136179348775
5.40304878368551183e-7
2.25054339176137277e-6
0.50481081770900682
3.28654451755821697e-6
5.5855750773773401e-6
0.281751246871483507
0.242804715678801547
2.8100614551926039e-6
3.12548670741756113e-6
9.85804765822230446e-8
0.721919323018697212
3.07672319005662498
1.44899675359930136
5.17324853514823158
1.62034846543129024e-6
0.158989613286253051
1.38693514717235069e-7
2.82584652201029918e-6
3.00523655896521765e-8
2.20911447062812779e-7
3.76740603446137736e-6
3.99428181625619795e-6
1.30922277100329741e-7
0.226161141647484659
1.34595087324899772e-6
2.60002952053932962e-6
0.0745433308577299059
4.15471633050396423e-6
5.02674407837086854e-9
6.76185509151739085e-6
0.657603130989555806
1.56631757044503422e-6
9.04710444977130407e-7
2.17356761369026194e-7
0.37670024939370983
1.5460777187135293e-6
6.19127087538844405e-6
1.42290476438077845e-8
9.59564899127967734e-8
0.0000109902742349179228
0.0747853134429397881
2.95882403253616157e-6
1.50410780441718846e-7
4.61781242574808726
0.00339455416371539295
7.89642670136476001e-6
1.14568817235125913e-7
1.50931222676311462e-6
7.74259049414765608e-7
1.72846669627787053
3.35948364536534103e-6
1.01775252201290408e-6
9.13960219383960101e-7
6.1426426641631397e-9
1.12141964188584142e-6
0.770186608687474017
0.646319848787908602
2.00516919371217624e-6
5.84086023488161476
1.01162058292108892
1.02340354936612123e-7
1.81083568502817131e-6
4.7340469191045505e-6
1.32243887874207866
0.579799873723309322
7.40384117512875612e-7
0.362443016944228036
3.55255738684331753e-7
3.61167814457330705
0.776562378625026639
0.00933227526287761996
0.376345898747809382
0.0778758753432917256
0.110930498754319914
2.27475690323235291
2.67942758786608204
3.02318304463863097
0.128984351659194668
2.16618965414291009e-7
0.157606421259455232
0.478816754425171409
2.07000345750466459e-6
9.46009360265486106e-9
3.34805019861439339e-6
4.91324401445850277e-6
3.80390455465475458e-7
5.17367978083891587e-6
0.38479883535463344
3.83564590572568969e-6
0.000838279156061478344
6.358021455322498e-6
1.19033549192541204e-6
3.84598022979385499e-8
0.6070077114290513
1.08805420630254268
0.0000121992699015460688
3.24240732598536557e-6
1.13759946704908876
1.06573667465867131e-6
3.85158599771629746e-7
0.590815433916580202
0.63370931696260413
0.871236172454827207
0.0564174785618113753
1.21084853711113527
1.1098444829182366e-6
0.0000268073217072237836
0.775302557046409269
8.6011592703219879
1.16590841825098441e-7
0.0128199056780443719
2.0395201997177201e-7
0.318078969664359446
0.588119897183345897
9.76877516239232901e-7
0.173859444208049746
0.109165256444722122
2.17123247108671257e-7
2.27779058329879989e-7
3.942755644200824e-7
0.0341337532139694769
0.175505988171148236
4.04542994154059891e-7
2.70141460381092035e-6
5.84652811178759481e-6
4.56660431598200134
3.39388115017161464e-6
0.421285686495189216
1.03427293190071382e-6
0.493430943721341331
7.95806409252215331e-6
2.00718847914322041e-6
6.90237728805612966e-7
7.01328290479790892e-7
1.24017057461128988
0.916853787739378867
0.655504971031748207
0.206875675105283957
0.246264424264282189
0.0182574713991107106
5.66014503890975587e-7
1.16064705305463157e-6
5.95382715618753426e-6
0.250309321086181424
5.00835523465721817e-6
0.393393872529435695
4.08072944931615976e-7
2.88279875285583773e-6
6.66288513340804324e-6
0.00446677602542876109
2.00679533492297857e-6
0.00570390250068062311
7.29452212382936966e-7
1.41223818393182943
0.688435815104450843
4.38213227589839556e-6
0.0122844843418978243
7.06898784505957548e-7
1.76687963647064961
2.32966488644918401
5.29452034680803025e-6
0.0631864759937461051
0.110897583180939591
0.0467014620125181384
8.39301424773389503e-7
2.85073805875527864
1.07721979166035106e-6
0.697111086599595309
1.58372747118806112
0.0129859866233242426
0.23434671987098013
0.0321804488118907495
0.235214889418564693
1.86351845727070179e-7
7.6786642515317881e-9
6.18363263633935886e-7
0.0122844843418978243
2.30558080491985553e-7
0.000437865673894424106
0.0221387501581184788
0.0072632877784967291
1.79847423714835197
0.453481400368625109
0.00001080867152795685
1.53968755432342456e-7
1.48872224758828572e-6
0.0000104657616025538792
0.435486315220711129
3.13448499233989608
2.48734027757141021e-7
2.5328687368615384e-6
1.47985883000855478e-6
3.26260642007292689e-6
0.672860173567873976
1.60613249120268025e-7
0.149353613080077274
2.41973897549182325e-6
5.09482478805405557e-6
0.291550113810305322
0.0927986859299294031
0.400693676426177758
3.88373565859255645e-6
2.16778099750671313e-6
3.48302408302160967e-7
2.36537993283878019e-6
0.023355925917556742
0.334295665040264589
0.613209339390221819
0.000676196702563386484
3.52192280207782584e-6
0.137317522207701298
0.538127284954936558
7.24885584958142332e-7
5.17367978083891587e-6
6.66288513340804324e-6
5.60347222221624522e-7
0.318258413393647854
1.77871525183630248e-7
2.1508871643590588
1.92266806431785945e-7
0.473175892932980236
1.19033549192541204e-6
3.87890408695017968e-7
2.53976408981841446e-10
2.76348986379996974e-6
5.13962671540122375e-6
0.678994995922500233
1.44651240899897537
0.000469438113977938064
8.4668524697059685e-8
0.111636823942158847
0.0128199056780443719
1.4829315915145208e-6
0.0000152051320275629624
0.0000147514604193787836
0.715259423156536456
2.045044909948854e-6
3.32673403259876362e-7
0.268774443096204907
0.164715109183037278
1.86903382821365847e-6
3.87945822214190494
1.13036929996395119
2.16618965414291009e-7
5.77652917431060448e-7
2.77466162067964864e-6
5.06466920530894423e-7
1.75028595400263676
1.70927570559741304
1.17884714467541027e-6
3.00246162642524048e-7
2.49151516987380719e-7
0.493430943721341331
0.261581020049869328
6.16440047837030168e-7
0.213859017460968664
2.15030784788348624e-7
1.63809902742816097e-6
3.20066869653641506
6.03677828934124428
0.20317624643664689
0.148320715927943464
2.2044792328671274e-6
6.47606530346514746e-7
0.00933227526287761996
1.67710724956361656
7.66048425644829201e-7
1.86337582736651402e-6
4.30882857190322144e-6
0.258320196995078744
0.146501451083799861
0.978512910463933294
4.68680649342152299e-7
0.215180421244605596
0.123118488831902628
0.184995951905419342
5.04770313328217005e-8
0.405060288140039471
0.0323020554549178843
1.21711402122129786
3.73653425996464771e-6
0.869514643670106446
1.94337739846776406e-6
4.78486129478059265e-6
0.174634412631541142
9.55998558163389176e-9
0.729856736678711426
4.15450873553121006e-8
2.83594046959309795e-6
0.945761007218452021
1.00355745779574312
2.46361582463758433
0.703223192359036742
5.10839930137724538e-7
0.0399144770162896192
0.0000275100366616312292
4.23177919616731548e-6
7.04489565636261862e-7
0.548132200378919299
2.27330627638496515e-7
2.0502510199310696e-6
2.65405200261920002e-7
2.28279002632697558
0.328506594639078331
3.26807690884677691e-6
3.44092134210707828e-7
0.483656657500214748
0.000956104509385819379
0.668247977146580574
1.6808702134280471
4.27569975858253734e-6
1.71186425125274864e-7
0.0674892989313857217
0.0642021297499008048
0.354596337927041594
1.38336296806149341e-6
1.07136858238214461e-6
0.0202006048651154312
0.831568321649681419
2.20399023046930233e-6
5.87560757086961215e-7
0.275978101121548136
5.06964828292640402
1.11593032040420196e-7
0.143249204408785413
0.0137744074650337414
0.856894395348408056
5.71691552988393347e-7
1.19855086793711471e-6
5.10426793244298502e-7
1.7255487622134325e-6
2.21379665125174863e-8
3.10172185387273644e-6
0.162366845147066091
0.149978828978999723
0.41611956423168539
3.98116749901779654
0.00954896909573265014
0.347845219515867499
2.34928106472770128e-6
2.76348986379996974e-6
6.68075755652422195e-7
2.13127942202068166
1.25462928370344594e-9
3.3420401806156642e-6
2.71710531723512183
2.17582672370326821e-6
0.318138292001166001
7.81172520529987756e-7
1.61962997763281236e-7
0.0217929016257776761
0.0346961404359949904
1.03786398818667802
0.660877276225303234
0.185428375889137909
1.06520838900746173
5.63345316560201295e-8
1.68564649547142653
1.0289409542704605e-6
3.14037954688834731
0.55932752265457697
1.2766154089823117e-6
1.16218512070220314
1.56811502451322429e-7
7.69461017412220805e-6
0.0000854658210236094323
1.07737174342707395e-6
0.518957119395309308
3.41376527548670869e-6
1.7828706024497675e-6
1.52313546676379278e-7
1.00779089401444688
0.00589244811467458558
0.244182530304524636
6.43528079461296088
4.09784055780977016e-8
0.212578874562714015
2.0502510199310696e-6
0.340994983504045224
0.0633335624629999261
0.000035564455084563973
0.100297568601184148
0.0354584790688785151
2.96720043380142946e-6
1.3057930009092116e-6
0.0000151217608536208446
0.568964577001844996
1.31630966702777075
0.245563076348940784
8.41786144582033016e-9
0.544822311702156226
3.65479382854081051e-7
0.860773301969536719
0.0861136209126996954
7.08637267329708379e-7
0.164715109183037278
0.112956047783804608
1.05919457257755978
0.828526678728681576
5.23974635392146078e-6
0.096945527222562583
1.29096396143100195e-7
5.17774264589100476e-7
0.674679859976166085
0.00478447101893830426
2.37340398999242401e-6
6.82685310642255229e-7
0.0000552180278826511158
1.19106817795014522e-6
4.73285542464826832e-6
0.945204925211248548
5.43930525137881902e-7
1.7004780748269671e-6
5.43256576832255692e-7
0.0219211154516621293
1.91486172079491176e-6
3.88863119204570589e-6
5.95407409026731441e-7
2.31310481090161936e-6
9.92240030561374632e-7
4.94269836430044589e-7
1.20389667903796354e-6
1.91731807202974162e-6
1.15587135403696121e-6
2.00679533492297857e-6
0.178895761587229557
0.0449642798715659681
2.15636548654625045e-6
5.06991249389556163e-7
1.61282288759184209e-7
0.466953155521691199
2.56099249042288267e-6
1.69613406009004253
7.44022287838609045e-7
1.64129338042254025
3.19225940298253093e-6
8.87315607064765601e-8
0.137556087414264866
2.73478798709989176e-7
1.57907105771225305e-6
0.126810590810543161
0.0520674173863395276
0.0000148243302199024468
4.27569975858253734e-6
0.010157679350945966
0.000529604563198116975
0.850632449218928333
1.02580354653182426
2.62659614213966362e-6
1.83342557607307877e-8
2.87357905939884941e-8
6.7056893788150831e-7
0.431759260872769057
6.42863030153986626e-7
2.36537993283878019e-6
1.7004780748269671e-6
1.04094915653227537e-6
6.80448460700506652e-6
1.9562020193717486e-6
7.27945913082970446e-6
1.29169673847996869
0.101366006682016591
7.08271237120263236e-7
2.52378928985343227e-7
1.72037208834518185
0.398931024362580156
0.0997874260557028853
2.32703201245128222
0.942325970433834814
0.0363629364970404767
1.21877882611128152
0.0219211154516621293
0.00666745375389306196
0.339936784397545599
3.08893923920057562e-7
2.29767729960488503e-7
1.65471045101474523
1.15812410565288676e-7
1.03395909844921174
1.94838146988417948
0.318829216992333575
0.229066779364578643
0.0380290877020039927
0.304362619405951662
4.01821404280774145e-6
0.577768015032314342
0.746647250215240477
2.87067656006329791e-6
8.52986087598430323e-7
0.408835283031680985
0.563663458986952359
2.49168208269335472e-7
0.0121089251154077766
1.69772465400063494e-7
1.1455851818626027e-6
0.149353613080077274
0.0085461716708235113
0.36512263647405313
0.555102426626150947
2.39534283123844793e-7
0.380731447450334492
3.55475428341540001
1.42096289418899767e-7
8.97361934045616388e-7
2.83422866366906858e-6