0.588199177673428886
0.138306646907321973
1.43307193867322802
0.217846502392380958
4.00861754086339328
0.339865882418976584
0.963836949645562546
1.03107769550871064
0.910804834255815488
0.682882869627506217
0.444070690666619805
0.469033110807378639
0.0936924536741869235
4.94577229004063196e-7
0.255005078243132954
0.165207917083754568
0.150005236815162951
0.00010981958589541755
0.0976203841788770149
1.59321448673294563
0.0169729226337580058
5.71893980120078943e-7
0.0255189180503176613
0.0174755326705284854
1.20326837813751619
0.172936278898429802
0.610148791552273972
0.122526966112288305
1.3497224035138542
0.0106882038808126904
0.084828160371365452
7.22841120937018941e-7
5.11090737713603733e-6
2.27550873752782668
0.332601551637794035
5.82821859236383677
0.204259815062606903
3.26026869851180789
0.0188211038210288964
0.109527767424630496
0.440905912554305168
0.166581134379812201
0.00449503085651038053
0.523034468851599987
0.000956962132138658309
5.07971444563021415e-6
1.34071923587857422
5.15744036729584199
0.425446998634661289
0.244792217172047494
2.34186999105189697
7.70946929851049559e-7
0.471697356875176943
0.147923988354930619
1.82207944639163699
0.222970183387055265
2.42798531381084093
0.801619999251145132
1.08796965818832159
0.95940643877553855
2.05348793639838556
0.130947639612374989
2.0988743869330837
1.29374596338320069
4.88989307687082508
0.536946307195848016
0.0659665038050757241
1.06203555391235449
0.131241294552955606
1.18640543840221935
0.00368468571292834878
0.798069553524584418
0.217846502392380958
1.10653031606545182
0.820577072508948513
0.471435066141831505
1.65056561582405692
4.82002785157161195
0.532453080135882439
2.60225789391140561
0.354025718276004042
0.587530082583037405
9.69239747573531565e-7
0.546300282289762573
1.88885727496199429
4.11444961786067687
0.1721712419781109
1.97328738684709215
4.57341975046042083e-6
0.0911777292952223317
0.71931021433954101
1.91974725317823814e-7
3.60653117740230433
5.89608822357635987
0.0152474363726284139
1.62180789009917326
1.25324067208825918
0.154618254429874924
1.60946318297855084
0.703886012320804166
1.55979342449523915e-6
1.00662017740658682
1.79850682070954826
4.04122526800540251e-6
0.502070264586182202
1.57084244968757285e-6
3.36033321742594326
1.80003848525038501
3.4760094624905129
0.633932408393749092
0.460442749415256869
0.505921572582008316
5.45152493571731434
1.83963540268385417
0.0027776196639335074
1.51155092426142002
1.83628935174051677
0.559279007023566588
0.127198072356402514
2.21597283573030124
0.0737025606515749471
0.03805678036301368
0.046543302449190728
0.000462026274619174227
2.02291904516501431
0.24376555450864193
1.25945107758442537e-7
0.739204957520299466
0.870345241214667276
1.50813011180749235
4.94788246547120902
0.378807488413600513
1.09732236188773391
0.34725500672882581
1.31903030813693256
0.107798353021824625
0.34725500672882581
3.07469914995579652
0.200426849873653279
0.00336001071736375138
1.22909112859091785
2.16378646099061322
0.893217677188394954
0.647357264384544218
8.57120651732194183
1.038154719011809
0.101385174522225036
4.29386706621010372
0.152696749882687527
0.350911767060223812
0.00769471173779524061
0.261791955606089588
2.00360178147159171e-6
0.508526577990690898
0.362881634416505727
2.0988743869330837
2.46490898651908985
0.733697340794318364
1.26632844935743916
1.99667180323539184
1.0738027007036901
8.26752671233765227e-7
0.0478302920930866252
0.711501805028484924
0.0731524467464944594
0.29841101585298252
1.33271880961426437
0.0918907863483542087
0.739419601751043598
0.123988650956579877
1.2756268557714372
0.181567212362264391
1.26503445301169482
6.88338050821940506
0.017410973817999234
2.3332579709703678
0.847180679292868
0.595843980085847047
0.0508470561537845353
1.94691637795453754
0.185557551837164658
2.56166505956815582
0.585785927728792233
2.66044469810657613
0.000343034809049190797
0.0000230082995224638354
2.64183114291057519
0.344697800853062619
1.27467905909876129e-6
1.88305620957649489
0.472205332472966532
1.55979342449523915e-6
2.31979272681180859
0.79306898999265163
0.588199177673428886
9.8393171110694316e-7
0.930833253851080511
0.00261365358118899761
3.53115545480328219
0.491694802209116044
0.774160634195620312
0.599750578024274006
0.0688546055238000165
0.0316302411102096781
4.61545268909881456e-7
0.75160751779141366
0.916843260932267201
4.50371752522079323e-7
1.18821602134308479
0.0171839881857693416
4.38974253016726655e-6
0.0127806755371102382
0.0609417183351080444
2.88123080564122584e-7
1.71050787458148013
0.170077373127772824
0.71931021433954101
0.0523777179222633185
0.493204721576805616
5.59837326331744656
0.203509837548359052
1.18126775259082977e-6
1.18791470386669995
6.56678011733870459
0.000161432927813148991
6.8917808776706952e-8
1.96055554747635496
0.0450307241026579319
1.78588707368752653
0.866769619463406693
0.00118098356385702469
4.2080299887783994
1.51021159200205934
3.38821703794986263e-6
0.945107391129190844
0.352703848457650571
9.4262099119068509e-8
2.30383540235742235
0.270029288217507046
0.197169852164965242
0.67459397242911201
0.000270505615617399437
1.35132027526015674
0.621439922643030385
1.6372760303196745
9.39972608408025144e-6
1.56644125455013361
2.19968062379479079
0.472205332472966532
3.82763473363100459
1.13512551931628858
0.296749073962233989
2.30949137279480032
0.127417655033548849
4.11797301833086472e-9
1.03778088945629676
3.87081475516137186
0.621542998215586118
2.10112754478989672
5.558652852402302e-6
3.98988047618796493
3.72349895895034666e-6
3.5821275153309009
1.05905990536918204
0.657576626311475842
2.54372192533452779
0.0399587874425016143
1.94691637795453754
1.00415597826340462e-6
4.84213615431633659
0.427459677167349394
0.17636324157309366
0.366052327342606232
0.0000383875583436232249
0.27732630123683033
0.0624865575452073982
2.2490796921608287
2.06637595806238572
4.37282062240587788
0.222809978672540959
4.56816241878768459
8.35479470101964818e-7
2.95113230295682261
0.0513822656674743222
1.40864965713185875
1.18401296576676803e-7
1.39117939622242437
5.66456982957795585
0.00145763738950681972
0.00282148415527767394
0.912298460132642153
0.489891457132091701
0.0000570984711145276191
4.27367529881344321
0.0361583782455093261
1.52543367179003386
0.440249176905984363
0.35512156075766832
0.0463433177100885038
2.88024391433213856
0.628053031091100222
0.759035663115249282
0.039297888736829642
0.401501552337979073
3.40199222034947102
1.02680218197233453
1.09984940529855102
2.96271945791478819
0.294283797096047073
0.632825328546299914
0.72405622804293801
0.237331413145709519
0.209071244297949072
1.68619325152882249
5.33384880609860886e-9
0.00851664371625754195
2.79159569079065964e-7
0.489128225420365603
0.765261896589774837
0.815159029479379016
0.417043951527831192
1.71721317636310999
1.05131826162304609
1.99788138167621221
0.332810559383668436
0.811886861377256186
0.0056842190559582605
0.109146179621626593
0.691364455968353719
0.536946307195848016
1.98915760207690084
0.283034745995143944
1.89496535565360823e-7
0.068720068292030867
1.11263651414578968
0.0337430231712732148
0.866015856788930005
2.66594825858952644
2.16012882826276531
1.34071923587857422
0.328614389015017883
0.000939143581606515583
0.669941234228341398
0.57965872838796384
0.0716885862741842156
0.00553335608164432641
0.220610958822855863
1.7848640756844018e-7
8.32237614279374779e-7
0.0746035593771172123
2.94381028088157937
0.017410973817999234
0.140758873037980042
0.997409416057273623
0.394945625423099189
1.67931359916568201
0.808096008822630663
0.385551539782181263
0.511740767828415932
1.09732236188773391
1.1967037926720153e-6
1.26502528024626137
2.05803626499229164
0.297530261942378249
0.483404885415616159
0.0177686888927555166
0.162373521260023135
0.82215432461816973
0.384238535693843919
0.238142627201303192
2.53370931930862842
0.380568612161267861
0.0353724029204061236
0.0964626481483978754
0.890938412081873854
7.65181007592930819e-7
1.23922111584188954
1.89288461378679718
0.0000577238317625696908
3.92037682342584716e-7
4.70420653010891443e-6
0.39750504049384805
2.02629344017816226
5.93718411624303055
0.521534238382722837
0.122526966112288305
6.55227152559379977
0.0359646364451109771
0.595843980085847047
0.311201092035227667
4.29460082393658027
0.237089519289271911
0.00720765879329726342
0.0000471616676620060293
0.505281715457612468
3.85257497777365781e-7
0.578594101288082863
0.140438390856181844
0.20169782529325106
2.01508919449244184
2.04775626285754475
0.882832050317522432
1.13987222176529079
0.000659946030099896005
0.317049130922768818
1.74002832702544796
2.29210459655341303
1.78673996349386344
0.0338724834415227785
0.209951975628683285
1.04419179040720422
0.937235288394626664
0.122526966112288305
1.80123308228310908
0.413448482009345364
0.283460916759774806
0.107633729023849961
0.971466980491276222
1.93650017334147173
0.00810562410976395018
3.02022473784250378
0.107633729023849961
0.0695537653010788182
1.10992766601053439
0.00261365358118899761
0.0283898010496205153
0.324901539789429816
6.23640275328534152e-7
5.1017850649308123
1.83628935174051677
2.73636608639603196
1.70019030353687963e-7
0.629712941883116106
1.16705636270077551
1.88714791546853844
4.75377266607478077
0.000639879505902492523
0.97390348471138044
0.0000381381220866273133
1.12369338555813236
0.32831077757285565
1.20587691937079722
2.41518423393423021
3.15436641152899533
2.74192883886171558e-7
7.19508725355168277
1.59804238350416068e-6
1.11587714191947551
1.06870146968731361
0.31133335230511161
0.311201092035227667
1.30783488329855246
0.193849853315650217
0.00449503085651038053
5.64002746811999779e-6
0.297096319039717283
1.33229251675958582
2.19494053136785139
0.335583477774110073
0.0737025606515749471
1.55543827493924702
0.00841368420239482773
0.213834039580435564
0.183858448701160027
0.0859614715588195161
6.95786760182706221
1.85121986173699627e-6
0.332705394452326775
2.01313035814966668
3.35319969647207916
2.24704354279003216
1.01678980768327909
1.34309523080822579
0.140438390856181844
0.95940643877553855
0.386079217274393316
0.890938412081873854
1.46900442863135816
0.624748175805075578
1.36586914596805409
1.35451708663450132
0.416130600206319479
1.20211984579096431
0.701474077867228041
3.41177788665486625
0.244249493112363075
0.111861192925799102
0.972366242298688066
0.150005236815162951
0.633932408393749092
0.0415403810616606431
1.12257145556576443
0.860400617814813029
2.18682296398966392
0.121965708503394291
0.761600710280538107
0.865887499590190402
0.476683814618284296
0.0210430696539467762
1.08712595999583983
0.063840027985178821
0.943086099458757432
0.0877763901214286824
0.242982835106051898
0.154728619160403646
6.07500886244806479e-6
2.71809984059918319
1.01525267990632146e-6
0.16764123593448868
0.945406494325480296
0.187868622337965308
1.83723619399572646
1.94064997529159378
0.715564059031628563
2.2676508372937203
1.19720272232368363
0.0551520900824747362
0.35512156075766832
0.386763995430289664
0.212731756423137353
0.0672188905587711161
1.13121838288752086
0.118800903024854812
1.21690387550281876
3.21173127621108617e-6
0.672920120695211676
0.899051941098115925
0.83353958034291209
0.645020120283212428
0.703391790247045678
1.13987222176529079
0.326740293504795554
1.21449077605056403e-6
0.653583420145670169
1.00236495653917745
0.318740062076965813
0.220610958822855863
1.92598676525896662
0.0020906466826476032
0.0376218768111133486
2.31125364667522959
0.0635714148923763878
0.145667448421736706
0.142810661103234704
1.98850116474010496
1.58329364807996975
0.219488531278819454
0.633019055809534437
0.768223307612157291
1.02418626186040163
0.168904835137523024
3.20859634300414839e-6
3.73015271261368264
0.659991916759277264
0.920546996979262344
2.26239653220671855
3.85922367634054808
0.0504552195861959624
0.242014565336468202
0.972444215321797256
0.462411385487332849
1.37442142882987496e-6
0.020430590039699742
0.0873130823848489168
0.0635714148923763878
0.588199177673428886
0.249015985651428379
0.249620617695953478
4.68328993679701089
1.21383053365154825
0.511775027194105836
2.85886576681369751e-6
1.08712595999583983
0.289536244219059491
0.392252661353897469
2.1751443048503174
1.92854543253104627
0.00114950098601250463
0.225252584684587032
1.26434485068311253
0.173471819501257618
1.88021125410147261
0.462411385487332849
1.04014845110887243e-6
2.8132824961581937
6.6932071895320222
0.39750504049384805
0.0349308739969076271
0.985057935046825706
1.07069225765404097
0.703391790247045678
0.597646665313862124
1.78616869290945068
1.15044565904028673
0.0590631259067322875
0.261272384231039212
0.130947639612374989
0.0248601434035225603
9.1433599522514162e-8
2.13895501024345824
0.79780127970924064
0.768223307612157291
0.905884915384049805
0.273525376540089904
0.881488428272308222
1.15289367858243397
5.81145212212009898
3.18631697550152149
4.58908220100189899e-6
1.02792774179643431
1.16667631083585891e-6
0.376959028750881164
0.42195595282550441
1.64176128996087556
0.135904225657863642
1.94252748624570981
0.465866525463097148
0.00301190673772214071
1.52425543079742054
0.0393646056221443538
0.0000865300900713847446
1.04178579974234586
0.79306898999265163
2.15662397936231605e-7
5.36777330478240711e-6
0.17103812840419419
2.89993772554892981
0.389851411812396686
0.211552177102694999
5.42988715269066269
4.96167524351206524
0.0838838604936316123
0.24376555450864193
0.0279160784094958647
0.367122439840910697
1.03403874238980409
0.671250086074743346
0.110885221749153995
1.26126647134737535
6.34961446642518101
0.138952027543431556
0.0513822656674743222
0.270755560788629779
1.39235738308626367
0.325337022153967759
0.332810559383668436
5.61918504463217516
1.06073524879033298
2.52548576299412453
2.32245542717029707
0.332810559383668436
3.19937597820824804
0.632893782417587869
1.62788479642746697
0.00350325131290124938
0.39226788097468207
0.0000469803993965752683
0.0034386444989736825
0.567828803760710987
0.00251638423324286337
2.78055748145295256
0.328614389015017883
0.30373172411731314
0.880151983931359849
2.4653282851006213
0.9821506902161663
0.0314837159285721244
0.985057935046825706
0.497871416751206386
0.974098570472302638
0.673408059573845086
0.954869778027504723
0.923784615100330386
3.73199694475629364e-6
0.020964291020245069
0.000955779886525220555
3.04316977109780273
1.88402121779170528
0.0284241215492713126
0.471697356875176943
0.393353933575446235
0.798198566599205184
4.46429247926759132
1.70679767219421175
1.50785144363541979
0.116018798430486389
4.04302696614880208
0.0723230107311613468
2.43455859785989537
0.0321748903953552948
4.79156761449320155e-8
0.376091718847394896
0.354605504939725924
0.194636120340648588
0.000469868743920492287
4.75868242704299238
1.09346825213857046e-7
3.61466305648570518
1.8619876532980757
1.11633214877082243
0.114951833052741509
0.299362888365333091
2.4385835456288798
1.23011755867049177
1.37054080006760115
0.18585801361669238
0.506581403544868913
1.43245541100004381
2.02376903418707066
1.8008027576854766
0.683537510740763632
2.95892341382589086
2.41843461965553088e-7
5.0001927595119029e-8
1.22879502504678562
0.0469351616572720662
1.0301600874862533e-6
0.132682803347643014
1.97788652915901686
1.3496479241468391
1.64876181206819039
2.35444137438857748
0.461360098147334641
0.316674741030899542
1.15849654512336864
6.89566082897775622e-8
9.48122858196559903
1.34941049328005347
0.621439922643030385
0.709365285431066805
0.0672188905587711161
0.686017266991979957
0.334882666306407839
1.22989967503141084
1.74098362454160638
2.52128819843443395e-6
0.983866657211485252
1.48586986287662492
1.20326837813751619
2.1220642679308459
1.77499762532221217
0.54164110119418285
0.531805849949026799
0.103598540888330093
0.0302681097081727198
1.37056541357504114
0.226419988441445591
0.00142644344223556187
0.0726179975322237409
0.984362243088593547
1.97164504810327701
0.340974812469366451
4.50620186584726042e-6
0.274823467289638135
1.08501504679756433
5.06436704634132706
1.48607995775702117e-6
3.75756155171786066
1.95853033461424908
0.177447484619115498
0.461360098147334641
0.00179440871929825393
8.26752671233765227e-7
0.134027931704397085
3.34744542309861348
0.0926760949792978794
0.87948783873465719
1.088614186605108
0.362398546434057611
0.0206174078174631119
2.74192883886171558e-7
0.175476318178184154
0.238142627201303192
0.25826041544730427
0.964049017513005646
0.0887067566115764261
3.1999764586604571
0.127417655033548849
1.65742406540528275
2.04761305775719915
0.00446362172126074392
0.903025874627588099
0.0766704436609260132
3.15275869364216966e-7
3.05533042640688057e-6
0.603135004661521257
0.253232190273047775
0.0420466950065766093
0.21102236738550989
0.0564110490915643997
1.68132780951727789
0.571917823225090993
3.43636865962056959
2.09498270689154209
0.908299505500281046
2.46294547525313629e-6
0.24321464700722828
0.869507051613467308
0.593088865972033363
3.78670091811053977
0.347197148088914054
0.147502504617139429
2.46706150754601891e-6
1.21963381992870867
5.558652852402302e-6
1.41732454033301702
0.229464674055575857
3.07350350539823669
0.668968454093044618
0.745346792428462468
1.84229287487999937e-6
2.19982612130705668
1.94188337367137387
2.68721607353197278
1.1634815899507891
0.941939307555913485
0.116018798430486389
0.00688039682712988758
6.69270868231925968e-6
2.66513154744820024
0.958968247323441547
0.347115035198822253
0.067525241846197348
0.187018067947330419
3.00398043296039297e-7
6.69614256389298201e-7
0.0774456058574607281
0.674569511577053915
0.0163491664070884481
0.0401432950642836572
0.0442618772577034539
0.183372619603234643
2.75714124546605133
0.0766704436609260132
2.77766177485897847
1.67252155163072391
1.89832675075789781
0.154675408049018803
0.208283056016053181
7.16856214388588536e-6
5.95219718497574842e-8
0.369702918345962805
0.277914944755094928
0.819245169898252801
0.0349308739969076271
0.928398856354132662
0.613150018657575235
0.0106882038808126904
0.342017510231533428
2.44449755450014328
1.14581921109081608
0.055320111296180613
3.38964108230980887
0.147464637729948556
0.00959667159195732103
0.0975535297133401091
0.848969013122731542
2.81336355031728536
1.20617682074175869
0.15765215804108143
0.200426849873653279
0.0689343456247924619
1.01678980768327909
1.28916010173666629
1.97661940509791512
0.166935549013178641
0.606435783760671976
0.716660454524541302
3.37015381900278348e-7
2.68366471055493427
1.26165718983609443
3.05207781403443334
2.23367762344144705
0.0340678791280318166
0.025026488596350694
0.266594108662378537
0.574517328766056212
0.253088467074557732
3.69427091706275392e-6
8.86500389116020259e-7
1.13435259917753073
0.318101325614136676
1.22909112859091785
0.413523448489822254
0.416031824304503861
0.0319709559625560372
1.28234772903965033
6.69042415686184366
0.628097572858030251
0.00136882904779684874
6.8917808776706952e-8
1.05445451625562447
1.26126647134737535
0.0171839881857693416
0.76984883637334478
1.64446653218711569
0.0108311288552678034
2.4653282851006213
0.42195595282550441
2.0999173336934005
0.133548763254304231
0.260960219557835604
1.26215725495410958
0.379442555096279888
0.628053031091100222
0.202985759617511336
0.0658997654108736952
2.66044469810657613
0.142715034277796249
1.3862409324393905
0.000236274679852258984
5.78459956119066199
0.0136692677593524756
0.0933985983432352312
2.43369289863047378
2.54617294786159709
1.25324067208825918
3.37731223506125135e-6
0.000582369175750866667
3.91142367685078796
2.73721168741288112
0.00626639603760088468
0.0787446544384043795
0.88798680730997448
9.70412246799400791
4.34407519843094825
0.922130590070730838
0.274823467289638135
0.148310217429403063
0.235364633201711637
2.46706150754601891e-6
3.04781939176782816e-6
2.24115262289278316
0.00368468571292834878
3.4935078913482962
4.51630991165886186
1.04831881021964724
4.18053498610988328
0.611522961895466954
0.374436470534167398
1.37905133973133332e-7
0.475451731821464496
0.614097335982470294
1.67931359916568201
0.878844223360297994
2.78004385825702061
3.04986563575157676
1.30179529955887357e-6
0.512448121669512258
0.178887287849121362
0.24376555450864193
1.11142325146953347
5.59385821915505116e-6
0.0024656199050477846
2.65672471327683576e-7
6.15665722961477613
0.580379309017801992
1.13955323499834549
3.11504971496958502e-6
0.619681098493561677
3.06345966737393179e-7
0.177467614509070892
0.508131073379116449
0.347115035198822253
0.203509837548359052
1.92001461398615758
0.0451982513008981693
0.0902373944829100022
3.38821703794986263e-6
0.017585898873009348
0.194597261669332056
4.36142535307352297
0.234617779409372951
3.98886763458591742e-7
1.66809791473717533e-6
2.61032152896628356
1.29003644299855845e-6
3.42136464643400995
2.56790798552350807
1.1634815899507891
0.00892549440887080957
1.73644719266460457
0.386079217274393316
1.70013631849881164
0.215136277887037791
2.57847357336919172e-6
1.07237001660809472
4.93486276697309072e-6
2.49466836929479451e-6
4.57686074041564694
2.22374422722663601e-7
3.43428580824312046
1.07237001660809472
0.254196012037908148
0.669644968175799327
3.98988047618796493
0.0341448779428758231
2.22892504645605483
0.0933985983432352312
0.113911334629447955
0.138952027543431556
0.0174317999440831428
2.89826083721483219
1.52280981032805407
1.38171855116688084e-6
4.63262131818396128
0.00477460373603541023
0.0948321100318136323
2.40660299912457365
1.8619876532980757
0.33869078585371809
2.71545305523807962e-7
0.112931275945911125
4.62822849123829172e-8
0.215136277887037791
0.32545899037834719
0.19075051336651222
0.0995407113813758931
0.147502504617139429
0.412948077066089991
0.390963761056542403
7.70946929851049559e-7
0.332810559383668436
0.476683814618284296
2.33141701635732352e-6
0.497871416751206386
1.76502519327306739
4.06201792882731587e-7
0.00107671655343444727
2.19401541403258671
0.140758873037980042
3.82798628821572562
0.00435732764171173088
0.455686775549355605
0.843618995609788147
7.03568517041931109e-8
0.244249493112363075
0.152895118503918986
0.046543302449190728
5.5643590341472934e-7
1.44817191268221346
2.48016156037130964
5.10578410608354094
0.390963761056542403
1.75053027632094715
0.15128933143438586
0.0000109445344978375276
0.70663345642185682
1.28421636297504692e-6
0.0320613071558212698
1.65952850087381543
0.107633729023849961
0.0300350628476102437
1.20911662848390811
0.244792217172047494
0.619681098493561677
5.05921906243205388
1.3602145132445123e-6
0.386974790058789986
1.34855660690928114
1.76315939730255611
4.50371752522079323e-7
5.36014558646331718
3.75811075442355858
0.425104090764846898
0.0591000322518635754
1.52442952659543929
7.19818198119820884
1.02148593018431288
0.551820614887812755
0.326679511365059128
0.0030176415253520242
0.0188211038210288964
8.7264997957095648e-7
1.54413056669551407
1.33229251675958582
3.3501164063062396e-6
0.250848963396178015
0.0452510647170743102
1.98890667794525111
1.85172089118260863
0.347950680024560477
0.00626639603760088468
5.22596013211652277
1.70476975481229109
0.51443297021552381
0.298045216851902439
2.17847617835084588e-7
0.0143880924642532989
2.74438838956913234
0.814688427696831918
0.362398546434057611
1.43447591828622389
1.90419355396559875
0.511740767828415932
1.07692679870135288
0.308514382441502977
3.02645915457462356e-7
0.656102492316840591
1.05015790862869096
0.75758238085526941
0.270685015596596135
0.309587909230989888
0.0058289179032237938
7.52037367022552286e-8
0.118800903024854812
3.1999764586604571
0.354025718276004042
4.33539494285647642
6.54509567486752086
0.710774664274501977
0.00223757764837053015
0.00102693641995865812
0.103883891587190733
0.0267506017107602169
5.05921906243205388
0.0185110533807690096
0.0099185560576153832
0.00186410121580980661
4.91723869420346205
0.135116220379200069
0.332810559383668436
2.06610668441113665
2.3314235341837759
3.36033321742594326
0.00079245586941042469
0.478741694672099483
0.202018144648074355
1.23293874470981502
0.0475297246509622726
0.0189374045611231563
0.983866657211485252
7.90961759835314204
0.152696749882687527
0.204918764416893828
1.4859259340334432
1.54413056669551407
0.272222097978799982
0.0302681097081727198
0.917705525803312883
1.64519572327147201
0.0902373944829100022
1.22292158626307357
0.675390365826080363
1.13605138518601456
2.52014645308708562
0.39473379303638717
0.657576626311475842
0.360105214645875971
0.000955779886525220555
0.902510988387252744
0.290658047950736354
0.011395330380124892
1.98399359639420214
0.0598655624222435984
0.457208985421795888
0.142698963645792348
0.0478302920930866252
0.0790332370849877869
0.148625331044468845
0.0919041325207485826
1.80114048807775617
0.668968454093044618
1.27906063359510869
1.46652864987979137
0.246201166776430502
2.24704354279003216
4.96165753808223009
7.72297359997724399e-7
0.830421352238486121
0.131409386079402779
0.443073642694283121
0.306757569472247471
4.06055256710212054e-8
0.000529125239215903352
3.61640410876338825
1.2359230178217222
1.38325528403043406e-6
1.54713108823336132
1.1909391298244689e-6
1.68925216349972884
5.38771966025015197e-7
0.130708984087489377
0.743126681431733771
2.06922582329255226e-6
3.55405931477249881
0.318093053891903843
0.0658997654108736952
0.0920584880744696188
0.0451982513008981693
0.167253475252491929
0.465805828707929526
0.531049150131101433
2.74944900638324974
2.90057842921128684
1.32769855079425603
0.184028384467156247
0.610027276816394459
3.00382652454841637
7.24009021912262404e-8
0.00206880693415631076
0.127198072356402514
3.75366049353350517
1.52199477699889663
1.22889075837498307
3.96448204038893347e-8
1.1967037926720153e-6
0.765261896589774837
2.59482829600617304
0.049325382678269053
1.14581921109081608
1.42813151781006131
1.31619095582304868
0.052380904846274591
2.58844859284072548
1.04803271162023148
0.0504842247218175305
0.194636120340648588
2.49207149482028023e-6
0.12468719340828549
0.186667274743668454
1.99011417257117503e-6
0.0175246844215065124
2.84312432293974501e-7
3.32400613617232521
0.0864959476776950426
2.72228246650122867e-6
0.727431056535680742
0.383685047687820191
3.54518941924075159
0.0274907996082246094
0.265465381853922378
0.0899487847060722739
1.02442860749210562
1.44696335332413906
0.00553335608164432641
3.55466685604285404
1.28322215809427997
0.48819217542596377
0.0819776857380835333
7.43861723701982047
2.79416501804598338
3.15275869364216966e-7
4.20092333935323894e-6
4.82482818326755236
1.79093749927471105e-7
0.103406999649114414
1.00847208846291503
1.72601347707420816
6.3412605103850499
0.4532851983693309
0.167276211107725781
0.0318848389988136346
0.813277847780697227
0.016810955087135284
1.18248438821040258
1.73420296534524398
1.51397344239662157
0.925302698436964333
0.562676874556020445
2.18480690282193635
2.14083386434565392
1.78916126935074615
0.173791035149639117
0.213445663476862363
1.49863790993600698
0.768938807086606224
3.27652398925548153e-7
1.20002997445374628e-6
1.14444089043409902
0.224814320940812468
0.0399587874425016143
1.68819635117094324
0.0997692409480415293
0.140875678428143025
0.0366853447415497469
0.561436962637933523
7.55340353617264404e-8
0.348788067010785352
0.632825328546299914
6.80756817582767226
0.0316302411102096781
0.413523448489822254
3.74695388480229186
0.0106882038808126904
1.50596379345314496e-6
4.82555118965697578e-7
0.0106601384515410437
0.713407099395183542
0.750879377690716443
2.27927935445262175
5.11111652116037062e-6
0.0237540490875558299
2.94513836860523925
0.0642771438956118019
8.32237614279374779e-7
0.629859343680941541
0.732088459953547654
3.02440801947859583
1.60984993039204394
0.730504045306281102
5.6912096450433147e-6
2.2490796921608287
0.129403953579313308
0.00959667159195732103
0.605364204970341047
1.5957808273804257
2.42720930826348047
0.0401432950642836572
1.36325757004764236
2.62591564947758727
0.0893849022575759211
0.736024600207898061
0.502040751677414354
0.327873182151392439
0.515524051715466669
0.270685015596596135
2.95152747531385584
0.00731934247659004039
3.67243246134838142
1.69036084921778596
0.250285185562216184
0.806437387812823703
5.43124380163551646
1.62796510863973791e-6
0.00541321760706621989
0.488472383573382185
0.757763316829982214
0.461576320571003507
2.59590024240561768
4.18506851905013324e-7
0.00569730214033190192
2.95073363995561966
2.41551279917403594
1.28565818725263648
1.2429515671836231
0.140758873037980042
0.878844223360297994
7.41107576855765796e-6
1.1794030376132438e-6
0.758587629895311144
0.719065545961303565
1.38227289119457542
0.341697270205224779
1.9110171635041
0.386055364046727856
2.09311427900582681
0.297530261942378249
1.37169352445259674
3.52225777592285372
9.54939811348225465e-7
1.88402121779170528
5.61988992409057027e-8
1.10889016561107878
0.427184519210657143
0.754978271478147334
0.118800903024854812
0.659991916759277264
0.154618254429874924
2.24067636771881018
0.456212721659281895
0.216484003061726937
2.56326856142170856
0.339865882418976584
0.611522961895466954
0.538984484759615246
0.85783700713429123
0.175719437946274842
1.92425436159173446
0.0383568127977866741
0.0283757911226367766
1.35220469211383976
1.60057571763942019
1.72332157919546036
0.112096814857823218
0.00232256229850240272
0.0153582839138342378
0.253088467074557732
1.50606182730737714
0.0376218768111133486
1.36408027250485686
0.183858448701160027
8.48434183310200526e-7
0.154618254429874924
9.03286140013831821e-8
1.1562853340272381
0.614097335982470294
5.87546936850052592e-6
2.7056136138592235
2.77632072657555673
0.114951833052741509
0.0427566569090661597
2.13366787035968297
0.331089905664554984
8.83638889426440256e-7
0.658804039168384703
1.21755301598063919e-6
2.03696272072196294
7.36682485205413418
0.362881634416505727
2.10579308408056809
2.88857617734105165
0.0320613071558212698
0.122526966112288305
5.5643590341472934e-7
1.0768538174519835
0.405708886997092899
7.51141629577750818e-7
6.35774179172141274
0.764796463497459
0.917311077950538012
0.0665774603722048552
0.154675408049018803
3.85273699074658404
1.66115964213898182
0.0344629452729623004
2.63531982552122113
0.000499346214796169254
0.427184519210657143
0.29355614332509955
0.111573444019803542
4.5394624136184536
0.111764254199202259
2.22069637568642486
0.657576626311475842
4.04122526800540251e-6
6.08114398283941604
0.0361583782455093261
0.831260783717164276
0.318093053891903843
1.20847153364337667
2.66371550399003887
0.303976275647160843
0.441125905995507883
0.757763316829982214
1.37331985888237251
3.02845945225518601e-7
2.32652358138529669
1.0768538174519835
1.17121361701327209
5.69468423387485778
0.67459397242911201
2.18682296398966392
0.461576320571003507
0.069684348462334969
1.7501817747113837
0.449878700898762696
7.3382437902701394
0.776547694664471155
0.503497977907484184
0.198065826705781156
0.0590631259067322875
1.69656735770494094
7.90961759835314204
2.66207092558226631e-6
0.105930441895454114
1.13512551931628858
2.57635303207377486
0.205715548664271303
0.335692816443300401
0.0528549609011972898
3.60474005818841964e-7
0.109146179621626593
0.127417655033548849
1.54395454441975488
2.41126763503208954e-6
0.0578512820094589514
0.803017734153581131
1.80382689910600069
0.0591000322518635754
0.00037290342310593419
0.00392835445010324049
0.288289251520503331
0.0127668945470437722
0.999005787566761394
0.762297702769504482
0.0776922362792125815
0.53548905772988431
1.92071516998825165
0.0398960151512013084
0.679692024745416568
1.3356737301030539
1.46455616786784248
2.47839282505093328
0.107485226831260203
2.02812307380684809
2.48726151114676977e-6
2.44669120229739434
0.761600710280538107
1.9351973822299755
2.16692974565359098
0.89260041140550761
1.79190973035369438
0.193849853315650217
0.00322111428638695296
6.84150094849455046e-6
1.4270150778964179
10.4375304124887407
1.90419355396559875
4.81218538953931851
0.00477460373603541023
0.342008469762896505
3.77406918622119658
0.53421380998387269
5.95569398788947346
0.0838838604936316123
0.17013149912611561
0.399886634652506956
3.14652359942212456
0.489128225420365603
0.0864959476776950426
0.0774456058574607281
0.174894478324766789
0.275967965003155902
0.378807488413600513
3.93911773737303417
0.14940870395939429
0.164859206031770733
1.56092648256954036
2.24941563497943031
0.159321379847731648
2.20049967787835573e-6
1.08501504679756433
1.83628935174051677
0.0149935040931097972
0.0548773115008051524
0.341598796093160684
0.000161432927813148991
0.724863065252347116
1.82093193508000684
3.65412608514477011
0.000545847265668831681
0.225639365891516064
0.045305970102216625
5.089772431199774e-7
0.902510988387252744
2.09664920495066909
0.0941637977674585347
0.0646035319722194634
2.46706150754601891e-6
0.679692024745416568
1.90053534768471333
3.14519792578202972
1.06584062890257636
0.893217677188394954
0.170473558001870085
0.894506157925206602
0.0513822656674743222
1.81042362543515889
0.972934868360020744
1.66625670436510953
0.0199370194280904557
1.89832675075789781
0.0611005038348094373
0.740170810974620452
1.34579894483375884
3.474552837758762
0.966195385799834772
0.0283757911226367766
2.20598404546551086
0.107633729023849961
1.59426603202101291
0.00431079645681847843
0.866009238333081077
1.40864965713185875
3.28958654557912533
1.35220469211383976
0.426899796826072542
11.8701268290170496
0.00929923977387423113
0.871135198300691527
0.613150018657575235
0.0787183942327929764
0.751989482222181427
0.0666615934234479346
1.98818890943029447
0.0335814891112655306
0.0115206572200938512
0.0696642604438821589
5.86379218273848579
0.484268116636845436
0.328262361084696142
1.56037241074239286
1.14786419331697953
1.05424663393449553e-6
1.44064116476559212
0.00731627004813356803
3.59743460150951533
0.79462565694706544
0.0442618772577034539
2.49970546534565496
0.422603864104855287
1.1359276000711851
0.0250425262291596174
1.3033618893019534
3.91591557411274434e-6
0.030211405180947809
0.665213534713903432
2.31979272681180859
3.04823147981688614
1.90927726066537886e-6
0.82118828892809892
7.08439604651564281
0.326833157063941226
0.629709524856216896
0.0516707117028764665
0.709228803389004181
2.38903001739774856
5.94925756341265277
0.992442213573590637
1.59556153555243108
1.5246268698136558
1.22909112859091785
1.26924189786811237
1.17121361701327209
1.66097632692415997
0.0107509437260380984
3.96979155691481278
1.57088335599208784
0.347364870586946817
3.02158051578464448
2.80841601250313833
1.97117019802677955e-7
0.0438030425111327892
1.08796965818832159
0.614830119523303686
0.588199177673428886
0.0508733346922278854
2.96592049648236352e-8
4.6216159316270895
0.64259942408962234
0.205162737783890742
0.174267744873076808
0.927022102009893434
0.116092612398533954
0.0539261108830541569
0.485244739409845416
0.52529290737236134
8.32237614279374779e-7
1.38476915009539026
0.0357980212500476624
0.053836853750928837
2.48726151114676977e-6
4.00128628056197112e-6
0.0248601434035225603
0.0604716556128215704
0.137028693302876064
2.84312432293974501e-7
5.66456982957795585
1.09781899110457415
3.99924647379898171e-6
0.101564634599076817
0.272273573379993639
1.86358377954408927
0.328355140917979682
1.64372828574628005
1.76315939730255611
6.49041051230060173
0.88495709186199456
0.198065826705781156
0.173842981973424182
0.614097335982470294
4.81083454062877358
0.134788756770639756
3.25039983550800571
1.36623425260461051
1.79886673429934962
0.0670922450502220713
1.28715992295922632
0.014661891451684634
3.0543231190760185
0.275282135726236443
0.261791955606089588
8.41579132321065004e-7
1.45463722678918923e-6
0.0136692677593524756
3.35040488383608226
0.0933985983432352312
2.09664920495066909
4.5351553933281091e-7
2.88213427058679894
1.98818890943029447
2.17330355510487694
8.91582926047113311
0.700077103510151066
0.0880190707835821207
0.24321464700722828
0.434154829791200625
0.0646035319722194634
0.90231005900022454
2.2724939195031939
0.451484104452952228
6.2053113481069806
0.335692816443300401
8.48434183310200526e-7
1.03212336179700914
1.27486891342954101
0.8847287117527185
1.37331985888237251
0.18927713705922708
1.46041857659397478
5.61757470425613015
9.07197324476377052e-7
2.16268560062379978
0.00381798506652096439
0.0699963509736103301
0.67325137083635278
0.981964150853067985
0.975568473961943128
0.560491208411109554
1.77660329267240913
0.318093053891903843
0.13270663053310966
0.121965708503394291
2.11132706469115039
2.56891237193693556
2.39535778839501906e-6
0.96901981310083185
4.06055256710212054e-8
0.370162123779599339
0.00569730214033190192
1.52434990232024492
0.591738397268716909
1.12222933457223362
0.191477317484786441
0.107116146018675862
0.88495709186199456
0.478792656876800116
2.56710297711283175
0.573453714095135236
1.96602479031135502
0.220610958822855863
2.13245220078918727e-7
0.000859061466336854705
4.73208629129927072
1.45939744763184688e-6
0.164064827318897877
1.54955712152984182
0.309698555415878818
2.5484396610892972
0.666621036980402981
3.76515223639791152
1.29207016977454869
0.0244624578136307634
0.346658546347313801
2.59517863094657475
0.721360518817359298
0.399701414019506374
1.02897212382498471
1.17920245011512503
0.676375759259363107
1.2298912069396184
1.69823013189320426
1.72525809183747403
0.31895888273378753
3.02022473784250378
0.279226270716456171
0.33994839088592893
1.95021156470939028
1.7276748570504179
0.657714164800786594
0.017410973817999234
0.368890315182084538
0.272222097978799982
1.49980468414644474
5.36777330478240711e-6
2.64418404058064039e-6
0.557905985165457086
1.38227289119457542
0.130069964594196258
0.831260783717164276
2.65622232579576689
1.26250549471870079e-7
0.277878574629397301
0.144748570931232307
0.164528958852217966
0.0116147253146261023
1.72969817135212445
0.0115107997361596718
3.38578022640041265
0.0000570984711145276191
1.21837528842070175
4.21645767427941909
0.974098570472302638
2.65650002613253156
0.265465381853922378
0.392252661353897469
0.884612361119822554
1.49863790993600698
0.254289905902172042
1.81238587783969463
0.0624667643357157756
2.44669120229739434
0.242323338409210276
0.113911334629447955
1.26924189786811237
0.156472467024271755
0.0914810521925450565
0.457092950929501307
4.03493622203695817e-6
1.24153359438101529
0.0250997463839489898
0.49925919409730779
8.76507966679472663e-7
1.39278771834735382
1.18149363327387569
0.482025446811407909
0.0158948151871838757
0.0321748903953552948
0.0000175070719822141484
3.25795179936970492
2.36233753104887052e-6
2.49995218861216717
1.55344013915552948
0.476784145538187931
0.348788067010785352
4.26894373390847193
0.722626194269440969
1.29852989635862492
0.444070690666619805
0.511740767828415932
1.40864965713185875
2.44500559889181535
2.31467344619108228
1.66625670436510953
2.54280312561565891
0.00128427493786020157
0.93585141662568927
2.94381028088157937
0.548876733987473942
4.05086827649661618
4.11892769453196816
0.479605895264663518
2.13366787035968297
0.100006319221759774
1.07049508345788676e-6
9.15229577005913108e-7
0.231012359705624726
1.8412291166464867
4.45562015848251924
2.38903001739774856
0.177128540743983348
5.28175663687640728
0.0670922450502220713
2.30449483842848046
0.0162070259897077289
0.548073322907172922
0.00110860095728980488
0.118137690789991492
0.511368244050832033
0.0115206572200938512
0.357800857093078795
0.637973020993404028
0.79462565694706544
0.588199177673428886
1.39117939622242437
0.280756633446763659
3.27628545165885576
0.0356628323892221599
0.00449503085651038053
0.713407099395183542
2.2111420354603788
9.63952699509174e-7
0.350221541670083791
0.0250997463839489898
0.261791955606089588
6.85953202636212443e-6
0.159392827643208612
1.78468769411388162
0.161083773326778201
0.235560936746463556
0.288289251520503331
0.0935540371503415513
1.1794030376132438e-6
3.27628545165885576
0.000545847265668831681
0.296749073962233989
1.76259047240748234
1.02897212382498471
1.28325180109691272
2.44711329453920401
4.18506851905013324e-7
0.385551539782181263
2.59855705709610652
0.0344629452729623004
0.884612361119822554
2.20227180556543178
0.000499346214796169254
2.12029345652940826
1.89496535565360823e-7
0.0401432950642836572
0.0266969539006334695
1.98818890943029447
0.354025718276004042
0.49630887075542307
0.0000309894336236782487
1.3242969661635664
1.95579384522679333e-7
6.65899653918994814e-7
0.123988650956579877
1.44766470058757128e-6
1.76081329765365686e-7
1.55570934220760093
1.93423117558184576
1.28322215809427997
0.116018798430486389
0.324389975673895548
0.32018479597538857
0.697606666788138874
1.61582576811074596
5.07063009644800289
0.162780296628313032
2.1039966619295698
0.825741615343940749
2.3445293931635538
2.07192409453165638
2.16378646099061322
2.13794507962493396
0.598773347778890019
0.802688198171844447
0.636711521665939917
2.62620954603380374
7.43302966926011595e-6
1.52486589907646031
0.817390742047831464
0.326833157063941226
0.991063883413072166
5.61094139021772875
0.310844696388596298
0.404085988386485961
0.80149592401563563
0.515524051715466669
8.35479470101964818e-7
8.9401779891214089e-7
1.61910090186405203e-6
1.27198987883323222
0.067525241846197348
2.10273888719309365
0.397846695947601525
1.00425402686702458
0.00128427493786020157
1.8139931968307155e-6
0.632693792980522862
0.639174374394051559
0.0110824006344679305
4.48877594307325627e-6
1.77228876171454064
0.369322700902228462
3.14961560349724845
0.231906621115150063
0.132842886700088425
0.00243012093700449485
0.598773347778890019
4.68103238393769061
0.588199177673428886
0.732575128496994688
0.392818604095767687
0.473000051760750606
4.56025511416283091
0.0825658442775247386
0.100345918305413367
0.9821506902161663
6.45629857437959129e-7
1.51819916340690852
0.178217455463463542
0.204187491150616657
0.361664970211390824
5.50039399174068233
5.44081010364508177
1.0194382041393566
0.140438390856181844
0.00851664371625754195
0.122931867965264258
3.74371967861996424
0.610027276816394459
0.390963761056542403
1.02582416149422229
1.66838673320126252
1.95029640366515755
0.691227740767091925
0.408767711304384107
8.10830470023365451e-6
1.4592923799113644
1.33790440909860564
0.00883025625443597216
1.60941021320874829e-7
3.05207781403443334
0.128745584168993593
1.1112116199950004
2.09695870344940216
1.38916992413326712
1.76706646995003602
0.0171839881857693416
2.08336378848135562
0.00569039282310898793
0.168391095330218121
0.346658546347313801
1.1130100869393611
4.90874856528054197e-7
0.00158181796834252499
0.443772866060229032
1.65952850087381543
0.603970326680456027
0.0247705810559562985
9.76242580289889059e-8
1.21398503972413874
8.88057314082012559e-7
1.3416313309740322
0.00477460373603541023
4.93177744801786692e-8
0.272222097978799982
8.7264997957095648e-7
0.721294623137433533
0.419545486133489187
1.22947493920513962
0.0624667643357157756
3.85105669838430531
0.000469868743920492287
0.256460025377311329
0.278292682782405154
0.530745826480362837
0.196565291162812544
0.0558429847849331931
8.9987830872327819e-7
2.59485276967422296
1.85811262891599682
0.148625331044468845
0.24321464700722828
6.56081885197655357
1.08571953284989675
1.28322215809427997
0.0689343456247924619
0.621439922643030385
5.47995074351780786
0.0940190804681085429
0.443073642694283121
2.7056136138592235
1.28920557676997771
0.183858448701160027
2.89083954388515485
0.578608339870255284
3.40558221542243178
7.33582750842136999
1.24685822892203113
0.349712149486413881
0.0339799794343596112
5.67964009107849249e-6
1.53708829233126609
0.786930899124295924
0.157580086388317275
0.000859061466336854705
8.51688746632302696
5.27679902741994056
0.126886906409523548
0.937235288394626664
0.593088865972033363
0.0100014371480956713
1.69557355422755851
2.64462057594085875
1.03403874238980409
2.63491524290444186e-6
0.0094896672125588874
0.306202448452987608
2.52867778094867202
0.776507135627995004
0.161083773326778201
1.27764960307290609
0.00720765879329726342
6.28881550271739886
0.602700119867578987
5.66282785411056517e-7
1.24218039630675214
0.162363286667049939
3.30820180696498456
0.0631364551673846558
1.70019030353687963e-7
3.45323351422522329
1.9291352784493101
0.0825658442775247386
0.0659665038050757241
2.06823860063457956e-7
9.69239747573531565e-7
1.81993849433586319
0.812614455635713329
0.671267738399859537
0.56197544004654254
5.84070437866410686
0.197512876168819684
3.1638709381340826
0.0177686888927555166
1.07799447392754111
0.531209979912221741
0.923227180129190028
1.68132780951727789
2.04591032775148515e-6
0.207904968615619357
1.07782262738318457
0.321925995121559894
1.11633214877082243
1.53607361764331607
0.747700490606920676
0.866015856788930005
0.0756366972742501947
1.7276748570504179
0.434569657848202839
0.109667657908735547
0.722626194269440969
0.351965880105404361
0.120148548254994852
0.00888929763283204978
0.550125604416591085
0.020430590039699742
0.140758873037980042
2.30383540235742235
0.584385036972669303
0.153807725495500008
2.81501897382234523
0.739810513430646632
0.91192614985267284
0.893284439860061896
3.10195151818862414
2.08515210001421899e-6
0.0825658442775247386
0.168048266785281092
0.0478302920930866252
2.80818977520911783
3.70924149931375524
6.02866084563718818
2.5504456644389486
0.482025446811407909
2.2646638735588156
2.83058194758833359
3.64514452444749715
1.97198421435391347
2.30949137279480032
0.656858337431610595
6.23640275328534152e-7
1.56576464506268761e-7
1.13512551931628858
1.42324617317139479
0.417566271326700156
4.94902685986228218e-7
0.0420466950065766093
0.016810955087135284
1.46712307035846767
0.897765631258472752
0.335692816443300401
0.621873261811263456
1.36736959364123245
4.83593203901857471
0.3047279141401954
0.0389734707224450375
1.75273297560971852
0.461680707093203524
0.0176441745735985978
0.126829380423489124
8.33724789878858819e-7
5.43515941782823784e-6
1.31607077119334728e-6
2.1914394864219191
0.345453969025387553
6.03918531959069593
0.700914907798249942
0.219489165440352685
3.26924364951213286
0.14940870395939429
4.05805005784284489
0.0673798350545274094
0.40062309883376862
0.00686195124871280364
0.488233622925336952
0.0376218768111133486
0.222005806525129634
1.8619876532980757
2.02788999652863833
0.0000865300900713847446
0.134027931704397085
0.00311555177496040383
0.957054040212157675
1.40908822105229414
0.0100657434906610086
0.00282148415527767394
0.122462188758440421
0.326833157063941226
3.86325965545648442
0.0452510647170743102
0.815936148785588622
7.16856214388588536e-6
0.484268116636845436
0.668779153161797257
1.27340048586629595
1.98599742492197229
0.194636120340648588
0.930144806153049175
0.0338724834415227785
0.020430590039699742
3.43111235992048424
1.62590784941289668
0.000381552630546341657
0.142698963645792348
4.11729681765186939
0.208919251321147803
2.00872460140430142
0.0135878811959151656
0.0000125700570996584314
4.94861374282946678e-6
3.39735695003518837e-7
0.00206880693415631076
7.24069659407212285
0.183343465467555367
2.15285196435166037
1.34404227459520809
0.893217677188394954
2.66371550399003887
0.588199177673428886
0.697606666788138874
0.0026152654551409027
2.41452179943406708
6.10637305760532634
0.518264767347034971
5.36012895451421034
0.0906985211442561667
0.354404374782657017
3.77001514375950908
0.242424660039418677
0.73540341007279808
0.00992450256947226099
1.3416313309740322
2.4043638333912547
0.0159553039295303803
2.13638343998413926
0.0520258901507547888
2.1751443048503174
0.0216126193523590408
8.65165191439307639e-7
0.0591000322518635754
0.00206880693415631076
0.251202621300119278
2.75036884623104427
0.634157463578808534
2.63619757334938143
0.0504842247218175305
0.832292376990769856
0.147533634264069513
0.909048900654663039
2.20705481175498264
0.839244823099803194
0.00003008223843324491
5.06658825932063017
0.05483432692472031
0.955016922700818394
0.000249385130515243332
0.196565291162812544
1.28322215809427997
0.0807939838961256179
1.54389558344147182
0.413578293582842815
0.878844223360297994
0.000448851572824954898
0.0209970911495110622
0.616721410070550147
0.0679402872829486942
0.014805720995781018
0.65801644016279548
0.224107968510957933
0.215136277887037791
1.97661940509791512
0.0255189180503176613
1.0297242860895484e-6
0.0776922362792125815
0.241637749090556214
2.44264505042848734
0.00541321760706621989
0.289536244219059491
3.37015381900278348e-7
1.24233901727222174
0.0919041325207485826
0.552181922842592376
2.96266570306150934
0.995538771338681738
3.14116544487474458
0.0198294529236650377
0.621542998215586118
0.127417655033548849
0.101820972230102044
0.120148548254994852
1.97661940509791512
1.77959506601834749
0.764796463497459
0.572533405861546108
6.94875485139151472
0.0355293425970530513
1.02895876218913629
1.0297242860895484e-6
0.0136692677593524756
0.90622789125594938
4.2154083919532015
0.745680585390213313
1.35020843481873487
9.07197324476377052e-7
0.0247705810559562985
5.87318474885955144
1.09929638620068748
0.084828160371365452
0.592229534822800052
2.90825757822835929
0.888551796190958032
5.26299737477892737
0.798069553524584418
1.33408220983186965
1.4098437236587853
2.81207325727556912
0.00191111597162695523
0.0956685299263360378
1.37641555668899684
0.904071142304288422
5.11090737713603733e-6
0.128745584168993593
0.121965708503394291
3.65081928166331915
0.349712149486413881
3.22781394512462239
1.04773683140602048
0.776547694664471155
0.0000577238317625696908
0.0000175070719822141484
2.2646638735588156
0.510008879220392952
1.1909391298244689e-6
1.58823009293484518
3.80877749674966943e-6
1.46709777423718535
1.16173025492580462
0.396872707018670057
1.144200493750819
1.22989967503141084
0.251202621300119278
1.46780728530452826e-6
0.26936969236268482
0.286332248073915885
0.35566357989274211
0.453720879441810776