1.48889418335996782
9.04009358441756859e-8
2.69514210832433987
1.5143043303987525e-7
6.20997069162960079e-6
0.0384988179645413195
0.429912493526153572
1.23201828267061976e-7
0.0025903786433627827
0.932634402694279219
1.43174345336171771
0.0508967819060026014
2.51855626817508021e-7
4.45880749346761733e-8
1.40170151818243868e-6
0.482605985688201511
0.0558604138520182592
0.422713904913530725
0.527435689331227864
1.98447852466034802
1.03784185863194556
0.123189052316875658
1.72134656669922914
1.50526589056312291e-6
1.01658711822257652
0.0542446688840864388
0.0000155195736059263765
0.28269252472523182
8.40844185682686365e-7
1.30760893880025143e-7
1.29376313950276911
0.654728927425390017
0.209694207618824152
0.246611605533833683
0.0015851357522527565
0.709216937139229953
9.24547312759652705e-7
5.46700860129732772e-7
5.14378204092545399
5.03848149430734615
0.23816964275575031
1.03019319911683183
9.88283291126071571e-10
3.77251091236636871
0.215530494601382072
6.82215271625522046
0.00026281363129021328
7.60464060233260094e-7
1.79472588186673088
0.751256601960217707
0.48924741345766054
1.21084115213085108
2.46103732331377721e-6
3.86277464373042967e-6
3.78242116858368798e-6
0.0120980818406680943
1.25614277543997255
0.0553476538244284735
0.111210233415928172
1.355439642025242e-6
9.53937315760987179e-6
0.00166996816419917658
0.255037552769300069
0.15899003718982227
1.89643473224703754e-6
0.33264132835318061
2.53459611047174052e-6
1.24403619127702526e-7
0.136809076866351825
0.0204432039415421776
0.0453663046731721462
1.27361775071583843e-7
0.0808091746445147169
9.56156878260304565e-7
1.55803795444663453e-6
3.92387306138747716e-6
0.0323025459474435353
0.217925483797639319
2.18791465800200857
0.691407915450206634
1.23504163809691104e-8
0.00739584084478205148
5.06745732172824066e-6
1.16669812096928882
1.33011857606898006e-6
0.0972574269178343859
1.79964897072524366
0.0000271699069900273675
2.14452695743320199
2.92333202888552536e-7
4.57747679357501891
0.0844651734348495359
0.0000299191642540123276
2.01878583037523818
1.3998479584361409e-6
9.97829157164775432e-7
1.19700525323187763e-6
0.49643708839663836
2.28428358331559467e-7
5.04936128895962105e-6
2.50236754438954033e-8
3.53494623583028513e-7
3.44004789298018343
4.14365811274225785e-6
5.31122926140652964e-8
1.16218382050741798
4.15064617271018754
4.36628076608947779
0.607002671402392391
1.18461340193368048
0.724869283639592243
0.112881641321314993
11.4624282036741292
1.14866582394407165e-7
1.21877771927076184
1.42920312726422716
5.02010934904139465e-7
9.32116015060071294e-8
3.94222523207033637
1.74541999531097836
7.47662714424101387e-9
5.56365133635474635e-7
3.7133533566089949
3.48312296040790609e-7
0.21403262592164532
6.06614143791569216
0.22340225945543285
0.0599028330033342798
4.88171349885719717e-6
0.197528202270320419
1.4856490199010377
0.0423473009706425152
1.28758534891540848e-7
0.146498137922726507
4.09844746174425197e-6
0.529148959629135107
2.38944950184606843e-6
0.800214118020431187
0.165820649311125945
0.173858471742338205
6.04531717875315693e-6
0.410984572107636059
0.921504101903794726
3.06728454419600606e-6
3.10532044042831723
4.1626755322005009e-6
8.294015340930722e-7
2.36510397321677218e-6
2.41915621771431597e-6
0.0363609875528806553
3.87860713070724259e-8
0.0378336240525954382
0.143832856973769824
8.46200283917717586e-6
7.72271937250369762e-7
3.27097093438328063e-6
5.38274572075358698e-7
0.0000224434582555495806
1.355439642025242e-6
6.52954976179005505e-6
4.11292732346978613e-7
2.10317697981306173
0.578657050639979076
0.347512530060722913
0.00227070060735015027
1.19431829588807137
0.507442654881237298
0.109170379065864798
0.860663798457751206
6.28468767450512727e-8
4.24749904283971046e-6
7.72271937250369762e-7
1.09794578185977788e-6
0.477551606575162102
0.617244230540483274
0.0250355991598716875
0.128786367340825464
8.66992588417549048e-7
0.245202138934983438
0.0000819024461062146345
1.74196564701921064
3.59115532312807165e-6
6.34967349435957917
3.49066980319143891e-6
6.31051955567704503
0.67415074708056566
0.211108483806691533
2.81876327090258346e-6
1.53029906992012553e-7
0.0366748463975729647
0.00137521288807170385
0.686096005517409013
0.86341342061322579
1.0074402525354575e-7
0.0267214246381576696
0.534226677854384824
1.91667266196199226
4.03738296895766702e-6
5.94010595305411862e-7
0.48613110635508866
0.987878411554213964
4.1637411051744521e-8
0.0101104127942807601
2.54338796643079814e-7
2.20261895965770726e-6
2.3258324982016334
1.70492895656399845
1.45734311856097947e-8
1.11282127623658356e-7
3.29410720858837813e-6
0.378817733491600472
4.23374042759498402e-7
0.403131602535546585
0.840882790913729084
3.12844930228747975
0.000554472007331715394
2.50789033441879194
3.4028643097859789e-6
0.392683735566042746
4.46685701344764396
1.93141068636284642e-7
2.79913377467680847e-6
4.28249801650607177e-7
1.53071698803546529e-6
1.69981687872081078
3.22416288503379365e-8
0.15200211364325214
0.524275727918396273
1.01685053054563855e-8
0.0233786380761325068
2.1327720501392502
0.0387783782980577613
0.100389172930488241
3.85167071662896895e-7
4.06251104943499824e-6
0.92700580528994414
2.88597500928772632
2.2612749580812781
2.2368911835750618e-7
1.25869584717416796e-6
7.80745296049744216e-7
1.60854962549696268
0.000085015790735537146
0.0015851357522527565
2.73204383413213612e-6
1.21711505430704414
2.09562418474204698e-6
4.67531989534020109
4.00639031432828678e-6
0.0659164296862857213
1.32240148543563224e-6
0.094171497195329093
0.245606823661291496
6.13039523900513039
1.62802570626454257e-6
1.64922741878709656
2.2018599543943596e-8
3.94529290457674565e-8
2.96175955628300175e-6
4.05887542115034993e-6
4.53121273798604954e-6
8.60561253235826033e-8
0.0000853067617944994975
0.00589255289648581496
0.90608862626642539
1.50371877595617364e-7
2.28924780085288997e-6
3.26664281082133456e-7
4.79549387927064186e-6
0.06138041302218189
5.46023840347068092e-8
4.56792002254375441e-6
2.03414082752000084e-6
0.0143794764223303326
3.46323110264711972e-6
0.311769915747736826
7.43461683728577062e-7
0.0374331736942308951
3.07516829636940164e-6
9.92911781443503484e-10
2.33707160090928578
1.77980191214877058e-6
2.39397097988051547e-6
0.096954394091776655
3.26766211813716415e-7
3.25200769389847941e-6
0.0000155195736059263765
0.757682506392483357
0.421033747583160867
0.378336637948575305
4.93840291191001142e-7
0.198756083830213315
0.0284018768968769333
3.5494167568722746e-6
2.82065429443908659e-6
1.30800610571715525
9.40159560413943269e-8
7.11274683421599012e-8
0.219512798077635823
3.07947670977057937e-8
9.47562726212912781e-7
3.38738057427893206e-8
1.72664670058726119e-6
6.51684372424887185e-7
0.14470766447670097
4.6235765847473404e-6
1.1000455180417906e-7
3.41217097070230049e-6
1.49755106372255775e-6
0.00357450938524516782
1.7019537281763144e-6
9.53119596350277311e-7
0.0608720889070236693
0.0039284834075795274
1.71294676598981842e-6
3.64034684269434043e-6
1.1555880304587651e-6
5.19406783946985158e-7
7.77663369777686342e-7
1.48553850112766983
5.912463917800357e-7
1.23613932750994127
0.303711183103080151
8.28039458241667117e-6
1.20329945841172092
4.42288977332872978e-6
2.9069662273806305e-8
2.90163811756658921e-6
2.90222043452913189e-8
2.24236135991711648e-6
0.217133158323591424
1.57241327906766837
1.18897720246413082e-7
5.82547986695214995e-8
1.83667605530912081
1.07246106828675103
2.2342588131916225e-6
0.0131223754451277874
3.04417098048094338e-6
0.0456112855476173834
5.81108603419005992e-8
0.399401103524697765
0.364230953077871733
0.87883796455555041
1.25266807856505102
0.632708036973763432
1.6808684489165806
1.03662796149819709e-6
0.00150306592511636702
1.61346188223355114
8.19967239219182844e-7
0.526043434762469397
2.67082413857619428e-7
2.26647150328992571e-6
0.148320869355247437
2.58989611655284895e-6
1.40170151818243868e-6
3.93731589810826219e-7
0.00277138672377552197
6.67733479938517354e-8
6.1598423535278795e-7
2.03360428803724069
1.38880479372898824
8.06191879844126971e-8
4.05316170963225866e-7
0.379692574639372948
0.0157022950790052518
0.4934317348678397
0.442714782456560263
2.3989167337533126
8.88931655500630063e-7
1.32243961653893738
3.71092359758786443e-6
0.0000410651838784401849
1.8417663975469234
7.48741253031962324e-7
1.84280288853565222
2.42571334840845586e-6
0.161816006603217877
3.59383946394961118
0.265403382966815704
1.13036711653258615
2.05642952204541485e-7
5.27760082411663274e-6
4.09768015833821769e-6
2.21083540048201993e-6
2.98513195035148911e-6
3.17353065594238684e-7
0.304847829821896843
0.094171497195329093
2.9171354053803955e-7
2.60104786719329319e-6
0.00647006814360556997
5.12228116572848162e-6
0.0915516727950245329
0.0163695947554005523
8.71815846074512419e-6
2.2379818393137286e-6
4.96471950666517107e-6
0.000293274033372612072
6.0726422385292101e-7
0.278738546898811224
3.73253490951440157e-6
4.27016721479563729e-7
4.52983850817131978e-6
2.60226462043248752
0.311015551386694122
0.433843963106989139
2.45151800058538916
0.167513904020356291
2.9069662273806305e-8
8.80625269851015652e-7
5.83582612975188691e-6
0.00841293298244316645
0.269384632929173529
0.0433835631658002832
0.526043434762469397
0.437974204186875105
1.42564307885224983
5.38670786014421568e-8
3.40583845936282522e-6
1.32485399497221357
2.90899494202122504e-6
4.11292732346978613e-7
1.11373756892631359
1.91063291655094066e-6
0.0399133343801890347
2.21324290597009732
0.800124379390061313
3.68152607778298302
1.88078187284789538e-6
0.0417880282810987741
7.29337511609199293e-7
0.0542446688840864388
4.29771262636349054e-7
0.772558153007740889
2.40431006181541593e-7
0.159346330692223065
6.09657519281220889e-7
0.148320869355247437
3.1724500600284131e-6
2.08280657561479093e-6
1.51564619004484075e-7
3.49800875565184935e-6
3.73086116080024821e-7
1.69026178523186607e-6
0.0234130409364003075
0.00643692931605639902
7.1558050158680682e-7
0.715653435822234618
4.78559911566023785e-8
7.83105469762545597e-8
2.15798303268448599
6.13817496639943192e-6
4.9032968619250401e-7
1.17999170772933808e-8
1.25356568572521687
3.45738439467800252
1.40518170854610061e-6
1.07562700119589662e-6
2.5131446072907706
6.15773547475304455e-7
1.59914205263492376e-7
9.3230439904797449e-7
1.6833482271326809e-6
2.37181223233604088
2.18428871450485717e-8
1.96051140616173077e-7
9.08567157235399667e-8
2.41915621771431597e-6
2.22282635651184552e-6
9.09193034791440109e-6
1.51856988540378318e-7
0.476735788442171349
1.52207175736439245e-6
6.11940301869547049e-8
1.98750692351962617e-6
1.26174594353777381
0.0820285009044878222
0.267349082542533312
0.00606841180417541475
0.203596366901952514
4.49534064772235535e-6
4.03818799926406191e-7
0.06138041302218189
3.60494153915367085e-6
0.632708036973763432
3.43280024050555315e-8
9.77592205661812635e-7
9.37777700031503254e-6
0.607002671402392391
9.91908279247305295e-7
2.38579889196753566e-6
1.11040609814447257e-6
0.922928842248738168
0.1382966353054354
0.812613580488992904
1.05151813790607967e-6
0.274367999109404015
0.424543570190137776
2.90222043452913189e-8
0.0000157857470517205049
3.22535452357249386e-6
0.150729156495986172
4.20997689699103657e-6
0.959487428327696401
0.0000393196475658965091
0.592325227271175425
0.476620879355469262
9.80186320821225318e-8
4.49185761892592192e-8
0.950471718699748891
3.06639544663065794e-7
3.22535452357249386e-6
1.57311492422134469e-6
7.19741841169370123e-6
0.118965079624326675
0.228958899835848412
9.43781620608658075e-8
0.00295484759593293584
0.267453347399729424
1.24015723427328835e-8
0.00586842195709380305
0.0735010457635822539
0.307269033054724527
2.86601405211026411e-6
2.67930860928029313
0.1920135697170747
0.219512798077635823
0.00626840644314364224
6.08434220840301482e-7
4.35980374974236964e-7
0.254390611057204619
2.22614751231829829e-7
1.04274675076310485e-6
1.29323907551297304e-6
0.00193955901244582604
6.20856878372485532
0.150151929836880665
2.26647150328992571e-6
2.89160981858786269e-6
0.170196369761011046
8.46200283917717586e-6
4.07023400592186313
0.0714147242956307271
2.15619092675558972e-7
3.48522973365551665e-7
2.04618466912671693
0.541176104293871751
2.72208114306831694
0.188753206953060831
0.118839230154699091
0.152414703654208367
3.91403940590374078e-6
3.68864903548092395e-7
0.136476801349849075
0.0000187989616262035677
0.0977199221891225794
5.11857651891355251e-7
0.297588845646995781
2.58527065200677065e-6
6.19201487723808057e-8
1.11040609814447257e-6
0.0143794764223303326
2.00286663660940523
1.83639426362728964
0.340018503328748389
3.06508914961559995e-7
2.12279285626407077
0.0056963080352795065
3.50601924881205251
3.85167071662896895e-7
1.27565650640815709
0.0382496720703345908
0.514463656417671444
1.084142985976424
7.77595814652300427e-7
4.51273251813818963e-6
2.1082238777273159
0.135670053258435896
0.49107200557670877
0.0543865716618793793
0.310842463113240874
3.24798862000401068e-7
1.14630242277599847e-6
3.10783106268555474e-7
1.48913305250084504
2.90962005083089501e-6
4.17930431946513549e-6
1.34921170998679796
3.60019975484504456e-6
4.80282178548316001e-7
1.36974439300275286
2.84268995235683739e-8
1.0943181749364026
4.81428692045042395e-6
0.0852379648508015397
0.295582009058674433
2.04838535795864911e-7
0.391636114504840149
0.246611605533833683
3.72271402171705012e-6
5.06954603191292108
3.2618090336080261
0.547797681693511396
0.0747950224788660328
1.00630435353525602e-6
7.69864877734176467
3.69744407513136831e-6
0.44579604912020443
5.0232025957213354e-7
0.0000498357055535162053
0.796645780070932341
2.17695734963852816
0.945191318666171565
1.35370557564619087
7.89480858416265489e-6
0.724408326704308658
0.094171497195329093
0.0589680870757605113
0.300918442509047368
0.00892383315706193718
7.41685365459108601e-8
0.599183969654416115
2.20261895965770726e-6
6.04659582595559403e-6
7.95512110726824379e-9
4.96471950666517107e-6
5.68360283595061411
0.0252491260444088483
1.43498093024522556e-7
0.122783803977085507
1.79899506054545769e-7
2.50789033441879194
6.68170989575413706e-6
0.00166996816419917658
0.00973939485982307229
5.64459032809601816e-7
2.09376566899187489e-6
1.78642222381564571e-6
0.137553259769811143
1.14162468053529979e-6
8.18208222223891165e-7
2.34125453004018658e-7
0.00124108648987120433
1.67211886727536595e-6
0.116826551733233488
8.294015340930722e-7
5.46298036334066232e-7
2.54099980870267656e-6
3.82015857035682409e-7
1.97067717486316218e-6
8.30787618945146075e-7
0.483653434470258326
0.0570872709370915596
4.60999026114674245e-9
0.465949391576186256
2.42360472702979086e-6
3.87370157349499034e-6
7.69462935688139216e-8
0.094171497195329093
2.63796388950169864e-6
1.47922789283518996e-7
0.74627348899679502
1.62599297008040677
0.446120284849805482
3.06961140287797507
5.39136130010585202
9.06755315064474507e-7
0.977823430748655409
0.0000135158395150900546
1.11672594842092554
8.75594642849039317
0.0269054440830405264
0.794336128050215473
0.0956586383835599657
2.10227745230835242e-7
2.0879747005536583e-6
1.66616347672469057e-6
2.73657299176982471e-8
1.08116002720115745
0.800749024222559891
2.20261895965770726e-6
7.78342225128088822e-6
0.0217999999980862495
9.90373900329873906e-6
1.2923457256499833e-9
0.044604601356998376
5.18176790186370977e-6
0.298120563065492339
2.12279285626407077
2.56588545650951536e-8
0.0824126667887330744
1.23312583085322935
0.492873857548237926
5.08041272209826707e-8
2.78524421648861468e-7
7.90653650447998116e-8
1.50703458953180068e-6
7.71982945096727782e-6
0.0852379648508015397
0.0284548965856224814
4.47179305446918285
2.44827031387961504e-7
0.61501550825103446
1.83858295335412357e-7
2.34221871731613277e-10
0.936049439379853077
1.44787110335310265
7.80745296049744216e-7
0.149009512379140285
0.339937561558479651
4.86769171836421588
7.40823645432786719e-8
0.159346330692223065
0.389179787211400785
9.01985119095645817e-7
1.16343889915346196e-6
2.8350884499400684e-7
0.697108136607575091
1.84510139162606703e-6
3.21565460879289944
0.00377079088928331842
5.37629029611477272
2.41915621771431597e-6
1.05549378523454651
0.697678384247588546
0.721507489866289875
0.758177623521104849
6.31085526179495061e-7
4.26685591573077794
0.348299388347929728
1.64294795812081049e-6
0.34534519011402065
0.00013455342766965022
6.429051732396371e-7
0.0000187989616262035677
6.40677853363788734e-9
1.21372104819786175
1.084142985976424
4.20770172641344686
1.60111247827880221
2.14909202181840753
0.633549262527556944
4.61895199680730868e-7
0.110815024046923061
0.118802422779533706
6.79348655997368587e-7
2.05642952204541485e-7
0.00193955901244582604
9.70075589974416392e-6
0.828526378825410248
1.70396836491585879
1.63798498335025837e-6
7.02387965813563147e-6
6.70899931977203243e-7
0.0000345201309132787203
0.240709637714069891
8.14414213585183916e-7
6.20997069162960079e-6
0.0113415001686777411
1.73584132965436424e-8
0.000751756448386786918
0.0407114076686299481
0.921504101903794726
0.496516687904344223
1.24344650580902468e-7
1.92659108157300725e-6
1.67710498988148182
0.00162219427202937774
0.174257800799513335
0.748473526875208184
2.25090664983935083e-7
0.0142479420289296169
1.19759843546869793
4.06228159319872376e-6
3.5174969737747295e-6
0.0000164531155542827628
1.4768103014792823e-7
2.26940043136760151e-6
1.12537128375697892
0.715261536828967426
1.90624829164493326
2.43672379608623751e-6
1.01008875214276734e-6
0.28438218620027933
2.08391392053590453e-8
3.5643200986849089e-6
0.448593389954795696
7.33131808777348283e-8
5.50590898430176466e-7
0.0741617002379625773
5.47910590381714614e-7
0.0339916852920693416
2.28924780085288997e-6
0.000835075021853535159
0.559325836543493993
3.71092359758786443e-6
0.0881982409916420157
2.5560331499504447e-6
9.66827635487848182e-8
0.0304860663712837182
1.2986605341366535
1.83613653465375342e-6
5.40210912585228951e-7
4.38672971018275949e-6
0.0948645883271278662
0.685182781365911819
0.221025005844021433
0.124841797871808477
7.96215580602036025e-8
1.99372462412325476e-7
4.0493773728902201e-7
5.20063360903639668e-8
0.0176761670316843249
0.0041214583311479638
0.083929367916527553
9.64944064386990696
2.26336768899332918
4.86635788077210218
2.98511521703284484e-8
0.256555371368082374
0.129408605027578921
0.865322797582938841
2.24689614358414236
3.75638271388828035e-8
6.41319251761163458e-7
0.656921958630100167
1.05740956561564315e-8
0.803465286299940629
8.93918212809794897e-9
3.00537402600990378
3.72221035433334451e-6
0.0168936201447686396
0.386114150622990926
0.0000187215205198703626
1.32919202362345171e-6
0.151120695067729516
2.05816739812863103
2.42776257022373722e-7
5.82051560850908528e-9
1.84611806008614598
0.0000332179800662343085
2.01470846946009452
2.11055434331098501e-7
5.63144163463241032
2.43820875142754188e-6
4.30434092380914102
8.39725465008586932e-7
2.29108390914178939
2.17582066586361175e-7
2.47737410136319047
0.987955356045791433
3.71960256853081814e-8
5.04936128895962105e-6
3.83551179496156553e-6
3.61181900970452536e-8
2.13026851101506191e-6
0.457177399974127152
0.235214203164234553
3.48312296040790609e-7
5.60948281339752014e-9
0.0747950224788660328
0.00263513663374275375
0.305314499328611655
0.462588226001061975
5.45172671885883191e-8
1.2199433541966882
2.35073426515262125e-6
1.17380536034643956
2.99494391684134599e-8
1.22360587512310443e-6
3.90850785091078343e-6
0.0377083043087869801
6.72306243971821265e-6
7.80042505291138217e-7
1.64661732146537333e-6
1.0943181749364026
1.08788334224297873e-6
0.78363422505504432
0.197010380875433516
5.3076826067491023e-9
4.55707583925892923
6.61368530353249069e-7
9.08567157235399667e-8
0.645757400288405004
1.43310996275183222
1.16242197382063888e-7
0.49643708839663836
0.340895055883266684
0.07669982855566225
2.6597005821877362
3.43261527559709378
1.65470479964304729
7.48741253031962324e-7
1.70492895656399845
5.90108660780514329e-6
2.27510128792902293e-6
2.08076037698998828e-6
3.72615625659277635e-7
0.0831542051639220514
0.000570305704585154552
6.04659582595559403e-6
4.40391515416543359e-7
3.00077385215791948
0.571312374301789605
1.26070330519590652e-7
4.27016721479563729e-7
0.0199173166248102912
0.399981682394976945
1.12314762380817357e-6
0.1382966353054354
0.141338171658453166
0.0808091746445147169
0.00892383315706193718
4.11321795420529662e-6
0.61864307152013398
2.67605753114271265e-6
6.77999372829856239e-7
0.332729732230207853
0.0000594730832057251921
0.0749522483086848962
0.063335106220212517
2.1012722238784658
0.462420395727436762
0.874212045991853426
3.41958170877528627e-7
1.53807884237837814e-6
3.7011131228981391
1.01091497217292181
1.65797240747603136
3.21461145265380201e-6
6.65254883361722068e-7
0.918600759311094306
5.80319164377758837e-7
2.89386651609010697e-6
2.19924138077468683e-7
1.81351154203442027e-6
2.27013457124099381e-6
0.912315207709599396
1.90728300134171215e-6
1.18897720246413082e-7
0.325430989162058204
0.20431149967188475
0.969565036634461919
3.00753463093227547
1.49309708305673206
0.0341442600299624935
0.0339916852920693416
0.365121675049289052
0.637617605966015244
9.14289917425453142e-7
1.83893220233567292e-7
6.34589617485072895e-6
5.84899606208848841e-7
2.30601464954026024e-7
1.25866589948468155
6.15606259029174382e-7
5.27582708947430273e-7
2.19134218685366651e-6
2.88498164893111531
9.9659011754031613e-7
0.0447399504344875437
0.44994375575875778
0.641388585261718491
2.59575248813560003e-6
0.000744206088284611795
2.10094654427074904e-7
2.75303518768310221e-7
1.50703458953180068e-6
1.19072282468536724e-7
4.57076004563777371e-7
0.202871809358710436
0.168922495090678138
0.0000504909606867854052
1.43534394728194414e-6
0.0025903786433627827
0.184037564088900901
1.02654651598910274
1.08884740709718453
3.21843225996210313e-8
0.540447469528566482
2.78052160182093777e-6
1.54414447838341706
2.19214631301331485e-6
2.68150709314098829e-7
0.047932887544495803
4.85605854390770485e-8
0.285063816379720725
0.0285293233387544087
0.270055933349344357
2.03637409810706661e-6
5.24213169177147638e-7
0.0267180440266726812
6.47366567864404422e-7
2.06089036142920623
0.86076369712543177
0.607002671402392391
2.29324247329281761
0.520382816781013724
0.0000379645956817747782
1.41470674731835373e-6
0.551551349396901647
0.476229987493034024
0.00477836324351469006
3.74838996218826804e-8
3.37798986021922965e-6
3.79178223423940689e-8
0.476735788442171349
4.89814767898686888e-6
4.10399548536597897e-8
0.187157068867464027
0.0000102486290404657367
0.12287878509291239
4.66858894451220018e-6
7.41009424001601302e-6
0.000790288045304925169
4.72228190363911793
7.84660573221135937
2.08942222000431562e-6
0.0186308687122112328
5.19049271013573314e-7
5.06745732172824066e-6
2.9069662273806305e-8
0.490699134709157714
1.48679583747961175
0.20728085040243377
0.000957768417944423436
4.07023400592186313
5.43850526140405126e-7
2.14251352542733883e-7
3.79178223423940689e-8
0.0252491260444088483
0.438757908644742123
2.09479898662139837e-7
0.0342958121966083218
1.19737452197058403
0.217133158323591424
0.311769915747736826
5.50647655234541373e-8
8.46200283917717586e-6
0.0119308543507654005
0.0289045282104252281
0.187108733072125499
0.378817733491600472
3.02485161293204508
0.07669982855566225
6.52805153096814146e-7
2.30711044121481685e-6
3.03488749236827138
1.85780081748165229e-6
1.9246213482517553e-7
0.310842463113240874
0.00110367678237476658
4.38828290940436816e-6
0.645757400288405004
1.97067717486316218e-6
1.53803081479995221e-7
0.0160869345071068225
1.22505565704625965e-7
9.19030741579380971e-8
3.02146003204715763
0.540992438883899585
0.358902034278702875
4.63993331075359754e-8
3.94979505134397591e-8
6.60320485785011879
0.198756083830213315
2.88812502632362066e-6
0.231147039939116283
8.71815846074512419e-6
3.96907226745754403e-7
2.18499188230206024e-6
0.22340225945543285
0.0894061274255474742
0.031990011637254831
0.0087290811311133594
0.00992128831785941967
0.298768696085346064
6.61571221682558383e-6
1.33011857606898006e-6
1.26070330519590652e-7
0.61998918824411331
0.386686309377524073
0.155843627332005991
4.32726558591396755e-7
0.410984572107636059
7.03490573956470473e-7
8.07451012824649955e-8
0.00095530679451149886
1.3998479584361409e-6
1.6356239433844304
0.0538413819173037128
0.884706501820230029
1.766873722052694
0.033769438181638585
8.35750326706115246e-8
1.02892512259973985e-6
4.81428692045042395e-6
0.339937561558479651
2.5115626829001802e-6
3.82939491248310047e-6
2.38301854853078288
0.00469787491825128523
2.97555691121495114e-6
3.95874825273142017
1.23322341166136495
0.542642345336870835
2.08703015358653898
0.0000275387156884010189
0.715653435822234618
2.70539526546722087
0.00114274315261838179
3.11983991909090541
1.3553177548651163
7.34968139837843376e-7
1.56303838724002343e-6
1.7122169390934032e-6
1.75838948386334414e-7
1.00041617563454355
3.88268060149738775e-7
5.87615540953233976e-7
1.79899506054545769e-7
1.60443730158691881e-6
5.80319164377758837e-7
3.04989807980830505e-7
0.0716402528317570814
1.06530690152988087e-6
1.05151813790607967e-6
1.23201828267061976e-7
0.296302912589736067
0.114841286437175089
0.0662878940606977801
0.538265759242344988
2.07910920940391293e-7
2.75362874087188273e-7
5.68028672194489219e-9
0.469575560617522758
0.28197263947928064
2.89109158864279096e-8
0.015822518402811004
1.8630218103884999
2.57608403337548228e-6
1.54549112405803955e-8
1.97002503499072336e-6
0.00026281363129021328
2.08442941002324478
1.29699024184876608e-6
3.38477949495101018e-6
1.75081008054797713e-6
2.50795814928863799e-6
1.0386443285561438e-6
0.325942058742538787
0.00969060718159751692
0.482050367297115368
1.29103401469827972
5.42251382072006984e-8
0.115077715357406074
3.23765540879960997e-7
1.18050507930116052e-6
0.210146013751367156
6.98317208355419477e-7
0.0746176463908636151
2.00126313769822346e-6
2.37207887970072013e-6
0.148320869355247437
4.03285628038970522e-6
0.140133860845919056
0.496516687904344223
2.08391392053590453e-8
0.0218547808948758235
6.09743287004467878e-8
1.74223836132953833e-6
1.99576978998667265
3.78377723061661963e-7
0.0468564701690488833
3.81575675716032439e-6
0.469595729613132229
5.30860589193067636e-6
2.16318585954658692e-6
0.220772900905600339
0.205659007387240023
3.28830159893656688e-6
2.80408644812358254
3.85275798261824514e-6
0.663417037071786453
0.0168936201447686396
1.96708188612191464e-6
0.231147039939116283
8.40806800554810983e-7
2.44827031387961504e-7
0.0124905407657271775
0.365121675049289052
4.72257278105425304e-6
0.0576824810094343499
1.07490553640963538
3.25473907100638948
0.383342657257420172
0.911599675089076467
1.50494449474036807
0.679752091913832568
1.12614234731722283e-6
0.298120563065492339
0.044604601356998376
2.54833886463109987e-6
0.182289650985595658
1.05428861712654931
5.25725203123673194e-6
5.08150961250520883
0.190773415342563257
1.27645602594928403e-7
1.13903032055957198
0.642530034945640094
3.60494153915367085e-6
1.22278211797698333
1.87505181211570693
5.05778649986251219e-7
1.65808950781196218
1.6735257341704034e-7
3.99983023998384943e-6
3.36375568688433901
0.000186209662593286396
1.66324054003758981
3.02550303166766161e-6
2.45328013948051452e-6
3.69293587109522983e-6
4.05087617653915385e-6
0.0523585908714052431
3.04989807980830505e-7
1.14162468053529979e-6
4.47810842438449326e-6
9.65428077786080664e-7
0.0292909375212116116
2.47638355248287656
1.70096958891871641
0.0303822016258082535
6.455245625053597
1.38205870313778503e-6
0.00296504856002874177
0.0865458776301120392
0.0513408462674237454
0.272492600209929603
4.1637411051744521e-8
0.311592573374453286
2.79058577791307397e-6
5.07115995901106498
2.63054155043714154e-7
2.03414082752000084e-6
0.1773267522563646
0.10682776386136067
0.0000686547878324781394
1.27361775071583843e-7
0.0171960745798747094
8.37898765789002216e-7
1.37037970493656476e-7
1.26665091697415366e-6
0.152904787947614196
1.1495680869175624
2.09517422059851421
0.632708036973763432
2.59045799041791058e-7
0.546966644221649645
2.30006185978641677e-6
0.130930518006373703
0.00241831401986374083
4.32786797523945206e-6
2.06089036142920623
4.42998032577575304e-6
2.83347569686084632e-8
1.49817528915233967e-6
0.511877011696562634
2.66475610245923086e-6
2.28924780085288997e-6
0.85062617775170013
1.16218382050741798
0.206871185057215912
11.1202813529942937
0.00227070060735015027
0.061797747067508714
0.253286304991111544
5.6075324346320939e-7
0.245227867533885147
2.08458936937887529
7.63134457002710399e-7
5.82555929461593251e-8
0.212574028101928686
9.43781620608658075e-8
0.00586842195709380305
3.13188169450205074e-6
6.38787919436393955e-7
0.286691329235456538
0.094171497195329093
1.65374618687497146e-6
0.147351434181272112
3.38317121142896049
1.0227254414172978e-6
2.78052160182093777e-6
1.74675094092305724e-7
0.0407114076686299481
0.916854891236512315
0.0000187215205198703626
0.143247012544447688
3.8380454371621525e-6
1.3998479584361409e-6
1.84976893655930374
0.399981682394976945
2.98103164043862026e-6
0.160176694570273836
1.08573855854442062e-6
0.0000157857470517205049
4.02813880256880985
6.34398853256958335e-7
0.756532460594000367
0.00244096097459380263
0.00271168049434134927
0.770813930133883107
0.748473526875208184
3.81878780144334888e-7
0.12287878509291239
0.977823430748655409
0.426726435972081486
1.49821375131109834e-7
1.63868418154086334e-8
3.94979505134397591e-8
3.52514175358104732e-6
2.40942306961932497e-6
1.68395032399759326
3.71092359758786443e-6
3.50776763465635245e-8
9.05255323688785626e-6
1.02587385117844412e-6
0.19384169652152955
1.4551251339673443e-6
0.0042977608054401966
1.34613906680043381e-6
6.52036235898610062e-7
0.277948994436536312
5.81823680933697673
0.048690594472069651
0.392683735566042746
0.0387783782980577613
0.000136755053332804794
1.74574240203408433e-6
1.53095732947604834e-6
4.34951506588608831e-6
0.761775069563293106
0.916854891236512315
0.518958325155930655
0.0481592135461773041
0.973974420416332309
7.40312371109242701e-7
1.49817528915233967e-6
8.22405262988578488e-7
4.43187382465869284
9.44955970539155878e-8
0.466964701959092177
3.28034337003150396e-7
0.303550515708516544
1.66324054003758981
0.919281413393374436
0.0000144728480571263543
4.31841874761829546e-6
8.31559049321887986e-7
1.75330230412022825
0.721507489866289875
0.794336128050215473
3.11579386624896318e-7
8.36469712106763513e-7
0.912315207709599396
0.0399133343801890347
4.87796615392152279e-6
0.0989797984994406493
3.79507978648011695e-6
2.43820875142754188e-6
0.372406661412673146
0.0000144284468057027774
3.81118494679837912e-7
0.935873621318524473
1.73584132965436424e-8
0.110930774781861502
2.47725846741150204e-7
0.961081035817479168
5.45172671885883191e-8
9.37777700031503254e-6
1.00296042478242949e-7
1.51935707218178688e-8
0.43548502050598803
8.38887098453532884e-8
4.27303560334274741e-7
3.44851857177941115e-6
2.33332268657584586e-7
0.145705158964227061
4.21791142325698676
1.59722834410567185e-6
0.23816964275575031
0.0757929643826281418
3.39131854281674026e-7
0.0000819024461062146345
3.61654963250688688
2.75977481360838611e-7
5.79834638394144096e-6
4.72973064323468328
4.69358900859472339
1.49821375131109834e-7
1.87380391455108186
1.38808762550108078
0.984411890554478419
8.3324801825442777e-7
0.104867869359215327
0.120855264447299021
2.58623332380509696
1.95377893004734737
1.24344650580902468e-7
1.67481987723892644e-6
0.000195195837251531699
0.272492600209929603
1.46836000420955082
1.40222402753087188e-6
0.0000361024508980667012
0.0000119576328312506835
4.46064386884407723e-6
3.38477949495101018e-6
2.44728957026757188
0.325357079876555155
0.0216693172608889741
2.34710676749078939e-7
0.304798922107846371
5.47949792714200967
0.116819445309162009
0.585482671064158633
0.0184043583823600872
0.448593389954795696
1.72592757994865059e-7
1.97140587209272385e-6
0.980266155912580706
0.17717454571190866
0.0128238669919932199
0.0021028022503050592
0.296222219223407635
0.107524778604972213
2.59820310025219028e-6
1.20562472247065111
3.21033980973457692e-7
8.02145377131505337e-7
5.46700860129732772e-7
2.71236766687390113e-7
0.087367895904007814
0.318079807815213666
0.00544682339268494613
0.232819144306222969
2.99790435816906225e-8
1.29323907551297304e-6
0.190545687048087886
2.43820875142754188e-6
4.09844746174425197e-6
2.77560958127182989e-7
0.802202527085709605
7.45040526502594843e-7
3.38406560122711132e-7
0.802991809915876376
0.154703396038950863
1.3969835317039513e-6
0.0284018768968769333
2.96532432263352065e-6
4.08985689847460243
2.66239253104497303e-6
1.53029906992012553e-7
0.980266155912580706
1.1490012412115368e-7
1.29777587585754937e-7
5.23766438779943127e-8
6.40677853363788734e-9
1.53095732947604834e-6
1.1941164660672976
2.51518792993447546e-7
4.38719337192606439e-6
1.09816408574241149e-7
0.0323025459474435353
1.3498406684741267e-7
0.370355496214993807
2.40288451444248174
2.40803879833010101e-6
0.466964701959092177
2.40431006181541593e-7
0.976252983426898036
0.0962408905602832598
0.1170218086398018
1.06921848559026624e-6
1.0311258407375282e-6
1.02760621086017e-6
1.08788334224297873e-6
0.00171887010562020871
1.32243113783805737e-6
6.56623701836581584e-8
4.8354679687378779e-6
0.0604673237279501688
0.00377079088928331842
0.0528902464508689482
0.0356887665704313309
1.75112280944504684
0.40069474926013321
9.27701301990772834e-7
7.57821828249582181e-8
3.91403940590374078e-6
3.02534100182319653e-7
4.29771262636349054e-7
0.206966781647233811
0.283180612282900923
0.446120284849805482
0.178150362264557438
0.950471718699748891
0.327450617233338182
2.19983204152798355e-7
3.55924941256465571e-6
2.14035745875307626
5.26971185257073665e-6
9.27701301990772834e-7
1.41543376860823437e-7
1.92469373480030725
2.06269588516355117e-7
0.00729516540231534526
0.000445284424346515338
2.00349657453394334e-6
0.365121675049289052
4.11321795420529662e-6
1.08706774787298525e-7
7.34846071716702351e-8
0.0462111936725023362
1.50094995648983624e-7
2.4243578817890663
3.83863485780451433e-7
0.243221022313278412
1.03217612178389716e-6
0.0000353780848043491094
0.919281413393374436
0.0160869345071068225
4.92735122264935115e-8
3.42719446890742061e-7
0.114987275304402489
1.02760621086017e-6
3.49066980319143891e-6
3.46326441856334366e-6
3.65804062476664861e-6
4.34759675474114829e-6
3.41138788452490648e-6
0.0303822016258082535
1.14837322031220633e-6
6.13045536631568736e-7
0.00128911812165240832
0.0000209940045711791786
0.00170657621610935612
8.23073719105468984e-8
0.672865031922841861
2.58063350243511288e-6
0.000281184578774023685
3.39131854281674026e-7
1.31916311586190942e-7
5.20157818456440518e-8
0.802172315938223801
6.4876938352713014e-7
0.709216937139229953
1.67162069504691039e-6
2.42571334840845586e-6
1.76983470978569502
1.21925757361612362e-7
0.716709509275448964
1.0955381684935932
0.408328289208974238
0.0542446688840864388
0.644066883289817427
1.72664670058726119e-6
0.0319169475174052794
0.0040635157039457092
2.78953544480179705
2.00126313769822346e-6
0.0139356502695119882
1.68241354181701947e-6
3.04417098048094338e-6
0.000020271557153573365
0.535587086215616681
1.01994788069262211e-8
1.42766753807718771
0.00259192910823132861
1.75330230412022825
0.00213856506926784649
4.59047182404136803e-7
5.97112733892252005e-7
7.34846071716702351e-8
1.68602819112211136e-6
7.19665849907278001e-6
1.5637100843537699
3.62994700951875635e-6
0.0503365816411206132
1.04555828476859142e-6
2.4047331038585699e-6
0.00841293298244316645
2.00126313769822346e-6
1.67092238963546102
0.721352293516104415
8.72642735422998122e-7
1.22620795596652003e-6
1.03062730060424626e-6
4.49176589058890777e-7
9.74565561485204257e-8
5.58969236632751172e-6
0.0584499097857086383
1.59376298500595928e-6
5.08263022926886003e-7
0.649184076003212485
2.139723875272717e-6
0.903480197184628353
0.383996690792281436
0.0342958121966083218
0.874487488747722308
3.25200769389847941e-6
7.56777576557944175e-7
0.999456137159258628
3.18388498445670394e-6
0.266969266742836275
1.31468147529309443
0.195252247627450359
1.12122667542067656
0.262209999897080492
1.86490370734444312e-7
0.201464764730045098
4.35490068737520559e-7
3.81575675716032439e-6
0.217925483797639319
8.71815846074512419e-6
5.42251382072006984e-8
0.0378336240525954382
1.40223691270965538e-7
8.89657579499338303e-6
3.17353065594238684e-7
0.170619760632007261
0.0407114076686299481
0.000492281696305064509
1.73057883013538918e-6
1.47076105984308247
0.0000145854729326721808
1.46852996895707335e-7
0.0983196879654585215
0.106884927383546102
0.31811983890902501
1.28349721214490775
2.1628879099289775
3.50015781266033654e-6
0.898367428025016901
3.71556392506651533e-6
3.75598383431594427e-7
1.32976643935305527e-6
4.58701349147527093
4.27610506771854512e-6
0.265416550540012675
1.81625510423294366e-6
0.874487488747722308
5.29696970641794159e-6
6.90015210930201599e-7
0.857055781607847456
4.62849695024937664e-6
8.86170032274764052e-7
0.256555371368082374
0.000144205213706658224
6.77999372829856239e-7
1.39753422659889769e-7
0.0186308687122112328
0.41551369098639529
0.239259503433054771
8.45425821134299034e-7
3.30368697023747471
0.147579768982209092
9.29016590061080031e-7
1.8214471500982584e-7
0.703982689128210715
2.03509021884447083
3.82236823215185328
0.199738882880084623
3.3716207398620015
0.0000532389198004531568
0.78797164340403758
6.9628469846009229e-8
0.247202296279026512
2.34261980651042405e-7
1.794982783835257
0.00171887010562020871
2.75303518768310221e-7
0.0472576189040904843
2.5545932430448447e-6
3.95384467331692829e-6
0.958471758371034821
0.903592764401542903
0.429912493526153572
0.802172315938223801
0.320881337256396171
1.40539558633107601e-7
0.0175382268015165654
1.07007192538964177e-6
4.66858894451220018e-6
1.60667988009414153
0.0387783782980577613
1.6833482271326809e-6
1.0077878252780248
3.02238909934772522e-8
1.79515937310745935e-6
4.50282794439272772e-7
0.0423473009706425152
0.159346330692223065
2.10527859398687278
1.87959393834972763e-6
0.000136755053332804794
0.0219975579495066721
1.58929410157071849
0.0927836671880878372
0.575667248614776472
3.84825697298068059
3.04989807980830505e-7
1.0311258407375282e-6
8.05545967503020354e-8
1.06245921686082713e-7
4.89814767898686888e-6
8.1710250451222926e-7
2.34710676749078939e-7
2.16853428815178104e-6
3.58097394191797187e-6
5.8877889403299104
0.297588845646995781
9.53937315760987179e-6
8.79993596709216665e-7
2.82076548875655186
4.82722795595611309
0.474035967139367964
2.2059751963016776
1.17487157074061556e-7
1.86850069767070808e-8
1.19068634529492916e-8
0.541176104293871751
0.931385377006881843
2.98103164043862026e-6
2.12287126481216681
1.18381488242081145
2.866510396593001
7.5429218897878333e-6
9.45818184860518782e-6
6.69583461874500986e-6
7.27982228394935671
3.40361502871243115e-6
0.0493472707237068639
0.0015167091242894162
5.83614687352175832
0.778062938645365465
0.348886807508696828
0.0412942407248945709
7.37626269172154725
0.0558604138520182592
0.0267214246381576696
0.0000115898744370501724
4.89814767898686888e-6
0.325430989162058204
4.66838518558151705
0.0000255067205674977113
7.07886305843133642e-8
0.583096782086766852
0.37669873935665249
5.12228116572848162e-6
4.03117902606304135
0.0000108372420170105799
5.74218517570343266e-7
0.823306494291282109
0.0358190535239236094
1.36209251025353071e-6
0.232260493611346125
0.117013704328484056
0.0000553525530191980838
0.0000282385652611095123
0.45329640831599155
3.71960256853081814e-8
0.00458351945450537202
9.90466269904571491e-7
2.35513156443754523
0.541176104293871751
0.141338171658453166
2.33338226254141562e-7
0.571851934565084097
0.728218910552325016
0.155722246415825632
6.62825766823612176e-7
0.926258481059618832
1.51019322746059448
2.90899494202122504e-6
1.21789617297047943e-6
1.13147830697084273e-7
4.02809765932082559e-7
3.83602861570696119
6.18742069085646712e-7
3.41217097070230049e-6
1.19072282468536724e-7
4.46064386884407723e-6
1.98923430711609806
0.00755199827359733823
0.00276894437119302355
7.57821828249582181e-8
6.09657519281220889e-7
3.02550303166766161e-6
1.4477825661801107
4.94129264686281415e-8
5.87642067265169743
2.25132966481171673e-6
9.15736533136528519e-7
0.212041944089397721
0.03597677216753567
0.914653268910397554
3.79108896393352879
0.23712828428942434
1.80946795912613752e-6
2.70703910237301197e-6
1.38880479372898824
1.08638715952075371
1.41469975441795183e-6
0.355601766794271301
0.311001960057493032
6.68170989575413706e-6
0.178896727656166932
7.28385475888006071e-6
5.52124744366045235e-7
0.0339916852920693416
0.0155812965510983177
0.332729732230207853
7.96641143816645834e-8
3.40876233944124918
0.679000020513365166
4.18032887416154363e-7
1.06245921686082713e-7
1.09733479278087676
0.0469367546944185268
0.428258358860294619
2.45151800058538916
0.746646775182440381
2.97570008047718559
0.00296504856002874177
1.11672594842092554
0.363496857333624412
2.21118139646750844
0.0129652916721222471
1.89582086365538295e-6
0.987955356045791433
2.05642952204541485e-7
1.02744188480648294e-6
8.25758642484711502e-9
0.0000203276976425904666
3.39357416629942836e-6
3.90276077788793326e-7
2.69221099901142014e-6
0.764031103203774764
1.6808684489165806
0.0000263113565824663632
0.186391881365831458
7.10607883994766261e-6
0.0481592135461773041
3.04804604268393032e-7
4.76169836487542303e-6
0.164082646965865581
0.00853620434562843422
0.325357079876555155
0.700688989937642504
1.86220956496237147e-7
1.85928100781848116
2.63054155043714154e-7
2.30420242696938856e-6
5.2493494575844968e-7
2.10227745230835242e-7
1.78211181902179781e-6
0.0693277165532287798
2.1808067698770999e-6
0.560062705726676047
0.0373673662732626755
0.548134040080129781
5.36716536135011521e-6
2.13398844064962834e-6
1.46507654149127926e-7
1.55097911397606888e-6
0.0176761670316843249
1.49026767769504365
0.0250277356096189306
0.194633123306952899
3.85367603266658574e-7
1.24344650580902468e-7
1.97067717486316218e-6
0.607002671402392391
0.000220743282463047524
4.27016721479563729e-7
1.17300114769535249e-6
4.96092398233650816e-7
0.0267229240350414336
0.00720702939784855119
0.270055933349344357
4.32884646133175411e-9
4.81973617724013812e-7
0.214950006985753256
1.03046216409126545
1.81625510423294366e-6
0.170637002114396391
0.756532460594000367
2.00349657453394334e-6
6.46406629110382981e-8
2.10041915653463392e-8
0.392101206354621423
1.75645762196979888e-6
0.781913764665320143
0.667150759352076683
0.07669982855566225
0.882012171854482885
0.0068962167863475211
0.183647386519570605
9.32907198216064401e-7
0.705346300574686502
0.589144515826698689
0.0000164531155542827628
2.74936568229434746e-7
2.18324595656147592e-7
1.82642556244172554e-6
1.71202158775558999
0.540992438883899585
0.0672714119524670528
2.73657299176982471e-8
2.89173932806837094e-6
5.8848232679659455e-8
7.57736561584085677e-7
0.0625234905511940081
0.740980296586270071
8.52763105293250967e-7
1.50709581972110729
0.227584323176325404
8.25758642484711502e-9
2.95807088650921689e-6
4.7507786614610306e-6
0.255762277367946045
8.03404297801153968e-7
3.29347727449590713e-6
0.0782770984015129789
2.95372037665315483e-8
1.3498406684741267e-7
3.28787750083891881e-6
1.4399182412799145e-6
6.43018618892314918e-6
0.551551349396901647
3.35322970983802138e-6
0.582394288238305857
0.232819144306222969
1.89241185802307288
6.95418098209511004e-7
2.25108478235890841
6.41319251761163458e-7
1.06702074576496965e-8
9.53119596350277311e-7
9.23279867440542749e-8
0.0453663046731721462
0.361886875057425894
0.0935977462259040272
1.98078075887175914e-6
5.31875161309635162e-7
3.12741482403657478e-6
7.87631593316938686e-7
1.62016886301577555e-7
3.79178223423940689e-8
0.000445284424346515338
1.18123493457160666
0.0233570290569636158
0.649184076003212485
0.141338171658453166
1.31501046894114469e-7
1.94642653289884337e-8
0.0129597677590012061
2.02788978296552003
1.40549973481849653e-7
4.90305695675130048e-7
0.0549823853179526034
1.46487173487319918e-7
3.82319223153816212
1.29699024184876608e-6
4.16128037723682591e-7
5.55535161002603018e-7
2.0376812140079199
8.81868088470680586e-8
3.82239823878467755e-6
3.15627408589668599e-7
0.0417880282810987741
2.77751784407975241e-6
0.922744039656765436
0.274488146264477317
3.25473907100638948
4.06066190053084339e-6
2.61444384417678099e-6
0.159490670169472493
0.0109817690170241795
0.00369780229304446329
0.0152641140191539619
1.50559744612548752
4.67211447925012462e-7
1.48546470989775359
1.8077247966950496