0.0286847997846645247
5.03663154438432622e-6
0.139445182581991928
9.5701787523590889e-7
0.0873218040768186238
0.490695378871805754
0.809843797687361255
1.25854866342128742e-6
3.41986717244921714e-6
6.07019146162828146e-9
0.592924511501624951
0.122540139139655432
1.64387902002011477
2.58517248242721648e-6
5.26660031910707206e-7
9.4261886539864375e-6
5.66756796356591552e-7
3.73445569859341308e-6
1.62449006283439693e-6
0.00952533813661751542
0.475714931583599954
0.623183054798014169
2.29003830925406682
6.54674073909185142e-6
1.10581879314961413e-6
4.55322614600631935e-6
0.739504959560520425
2.00224283648852205e-6
0.650453961674567593
4.19583490066350006e-6
5.78280774048465176e-7
0.469576286160596268
4.8719571740514942
0.0990300200669956138
1.12318674040484723
3.0227369331822093e-7
1.89705066391984208e-7
7.37575778591349818e-6
0.575669135087084283
1.50974822286678066e-7
5.64378548741107727e-9
0.590816120527245303
0.703250500035980886
1.96551911308906493e-6
5.31206719890939231e-7
0.000559154246892943122
5.02853437497797974e-8
0.431653020612178306
0.517296216100438078
2.35480427937399745e-7
0.485948960296476551
0.17550644322841677
4.57384410717481422e-7
2.99306299726802093e-7
3.04188961568175185e-8
0.046939508691897433
5.81935632506856858e-6
1.13346411525938397e-7
6.94385846558303429e-7
0.0745443602985961518
0.00452569216169596347
1.08727669548920685e-6
0.00778513869752881036
2.29474968763700203e-7
0.0304877835185858731
0.6199880321443072
1.98062503898674396e-6
9.91923204022577325e-7
8.03674893567039917e-8
4.14101267577564857e-6
1.73052663743216463e-7
0.0529396676143697106
0.0449676772542498757
1.88449448286937896e-6
2.7417541403075596
3.97698212503329351e-8
1.01678911689368187e-6
2.27149076598346501e-6
0.132883192006629708
0.619786187332437621
3.25295582098189484e-7
3.09185250943161627
2.43527704016364416e-6
0.084475819435396865
1.39133747579933864
7.92271177430239681e-6
1.05549236087549914
4.35340204869475116e-7
4.12705468166188942e-7
3.41150950813522632e-6
0.0022694335252675499
0.0132783534688655884
0.134843014582590043
0.0000269120044174024036
0.00191697407704337678
2.51889617671932985e-6
0.0319890665996552664
2.5552471306037822e-8
0.0590680749351439882
3.33628911358555158e-7
3.29419737734604405e-7
4.20941027091893511e-6
1.73877330274796197e-6
1.46835776436633703
1.96358517262943244e-6
0.0108006211289146965
0.0000182447539256670069
1.24259360723067938e-7
0.0159525150248237477
1.54962923859866142e-6
1.98581524716293334
4.41620393138271757e-6
1.73508750829885257e-7
0.379694589368692825
0.504811611242513059
0.541362709305111767
7.41201722318638435e-7
0.194636320355742604
0.200090789361027421
0.340220299079740496
0.437153022242892153
6.41137074478449005e-7
1.89825019092838183e-6
8.82077250504993577e-7
6.98248797027237852e-7
2.06802437374988393e-7
0.451524949048126567
1.92714497950214314
4.01821637345902517e-7
4.95305368036419935e-6
2.34995228062581087e-6
0.0881014451345999289
1.65253175053443209e-6
1.60434146750371864e-6
4.08131466738971832e-6
0.932646856269766733
3.25038714806519042e-6
3.14039686140314656
2.48459651590648721e-7
2.10508726450309616e-8
0.311773133090667454
2.15082538457098669e-7
7.72338804408568148e-6
0.785810627938945516
1.04588096484175953e-6
0.318140611809752838
0.362107933701615314
8.77772364137075723e-9
1.81968641207705794e-6
6.50545659599636572
4.50625225461679592e-7
9.00222963054406652e-9
3.57668259818360813e-6
1.3511446374410192
1.73877330274796197e-6
0.0000156237890350704854
5.003877073894852e-6
2.54775327525324221e-7
3.12045825882693795e-6
0.78237168644969568
3.23857553548250764e-7
3.53142048650825613
2.65691380611776715e-7
0.628148897023422803
0.00955013158916073919
1.31121273071991706
1.80449787016757059e-6
0.00150613555708598349
3.07932273401489824e-7
2.06136198143388619e-6
4.92280322746162244e-7
0.445794248140645166
5.18257815736407298e-6
2.02830495021862678
4.23963975721435454e-6
0.204396482983808803
0.370200893669589082
0.48365714952680966
2.50496790193504282e-7
0.163062436205359373
7.95517564537659777e-6
0.0583991074411004535
0.00180137920347239917
8.6289080732476549e-7
0.45558717541888083
1.70396686103051254
1.9246917219906754
1.00042720041013133
0.0000844273697503250537
0.623183054798014169
0.237126344147022161
1.46862714607398146e-7
1.1186611023702243e-7
0.809843797687361255
2.38520499328825606e-7
1.48667032994376103e-7
1.29113573518375813e-7
0.217925213900638182
8.4476426341598297e-7
0.102853820720003097
0.0931662623944089358
0.000881337402021371646
1.1208431668889669
1.19448986115786785e-7
1.1459800923933745
8.90080216270860414e-8
3.65076229760278803
1.8650852867645776e-6
6.1153372090901439e-7
0.0000235818395667171293
0.108952392812739107
0.0000391394541782332634
0.0338842533667202059
0.334290995342235497
5.0825575199759756
0.0442729118399956267
0.412491703493569228
7.18734886192186661e-8
9.36041834970793823e-7
0.109595836217463424
2.09697989085522973
0.00194018435143966141
0.602704317804677148
3.30421542678657465
0.0000133810626816294481
1.61038417254863853e-6
0.902530119504068695
2.31380746561840907e-6
1.06435739067017095e-7
0.00340227271120577442
0.442714846888444369
1.32245403968579734e-6
0.0518289715709734852
1.82678655856950548e-7
1.82693274118500071
2.34270496292836932e-6
5.18257815736407298e-6
0.0483110990715531208
2.98444894311623086e-7
0.108952392812739107
4.7331475297288644e-8
1.5858198932434795
1.87790550310617537e-6
1.40349110713795998e-7
0.0414096995143673346
0.0861112770148741852
5.24747778575176899e-7
0.049817061798430283
6.75795715510284064e-7
1.31763317574777662e-6
0.318829444625326308
8.24076863177966076e-7
1.52304453598008927e-6
1.45775636464719727e-6
0.46556099180731142
0.00020882292448991038
0.880244858189200508
3.98476476497661324e-7
9.06797584498406221e-7
1.44871334184086953
0.00687910835172511701
0.00233127914831831934
0.00789184019350413872
0.0533408748952105966
2.81947831740458918e-7
2.81042470798346917e-7
9.03233465181610367e-7
0.246264461540903312
0.00609331057400593415
8.25568910921681078e-8
0.00143320541307934797
2.80389073990969679e-6
0.000263072001075598911
9.66708423899793732e-7
3.42545855231968893e-6
1.68765754390947176e-6
1.53946471366645171e-6
0.00191697407704337678
0.0000205335567409140735
2.50614451921783173e-6
8.88418027242150017e-8
0.440035311734910894
0.17550644322841677
0.202870842016292574
5.02011214611735834
0.436178838138210567
1.48947769490043845e-6
9.66708423899793732e-7
1.82022430979603197e-6
0.661860530901872579
4.80308976412471834e-7
0.124639562277097729
0.660932317686315107
1.97321945745595917
1.34190557147959555
4.65042875160023569e-7
1.05665834372846756e-6
2.10101157713680651e-9
0.633549528626368042
0.362447156150428107
9.51452496406881979e-7
4.96748317095010616
3.78099946393826851e-7
3.09097157610293861e-8
2.36948700125357128e-6
0.0109061713260517265
4.92280322746162244e-7
0.12730778614180166
2.34673813427828163e-6
0.211340179426840386
2.18791843611036496
0.865318043410939097
1.37624553229409665e-8
1.88457132136303469e-6
0.0604661255437693515
0.0927872421108858758
1.96616503623346395
0.0000122480415578466198
8.0983479333325724e-7
4.89055020248284161e-6
0.0715913943365802385
0.14586763726038493
0.859849759310998718
1.44666506815693663
0.471695810420451445
0.253286708379113601
9.10022373442233576e-10
0.991645799819499851
1.07630507109383267
0.268248055036455602
2.00962697396198164
5.34432846812997829e-8
7.983071714706994e-7
2.12656500624916012
1.31630930788581257
2.53762930657572183e-8
0.0000289056269181958724
0.644064517575151818
0.0462928143569949421
1.15927963398536506e-6
4.24534750442945353e-6
0.0000213744623299659226
1.86617191428575863e-6
3.48292408677687539e-6
0.0206608557526577301
0.53125875327510208
9.73705546607163055e-7
2.21221203767208985e-6
0.370793156555616454
0.898366936636816549
1.89226991546074172e-7
2.53957325324718131
3.0227369331822093e-7
0.0306162092568885227
2.92515187120238407
2.4783986525504876e-6
2.73570358775624489e-6
0.0049859142096194747
0.0361587215838030662
3.50420990359235796e-6
3.98424564227299362e-7
0.577776640988660994
1.66021582512626691e-6
0.000330884143408210368
0.0000182447539256670069
5.33047311520630613e-7
0.347306703216633372
2.53138503591516706e-6
0.844835840145574446
2.77234198035143062e-7
2.75142944491121656e-6
3.74700832037213268e-7
1.15621860621718283e-6
1.33978308781605915e-7
1.35660138420139373e-6
8.77772364137075723e-9
2.47442537327555253e-7
5.68586650869597575e-6
0.000503312419433122249
0.35514625526309862
1.92823920552411265
9.51452496406881979e-7
0.250310397357797809
5.40551121649643858e-6
1.44665000478296779
0.00277737711278496554
0.00086762453297365772
1.73423205684658677
1.14558126202887206e-6
4.37384379098731735
1.20814912184703682
0.138296082236082252
0.200556640187965873
0.209693852620212312
0.205660734313826088
0.0462132466812505624
4.97271823477936573e-6
8.87325735036374591e-7
2.97512717758212574e-7
1.44787627057679935
3.03273106856178447e-7
0.00567072067674256625
2.36494050173644776
0.429914727084319548
9.11893648706784454e-7
2.62142244247467415
5.37301452536743523e-8
0.158342724446929539
4.44955438940317854e-7
1.17799523161724484
1.40768466911064993
0.798186872683240622
3.99546482465091644e-6
0.00469367841672862617
7.40080662067666669e-7
1.66533584632832371e-6
0.328679587442639143
1.41413664626344227e-7
8.48125646034703304e-7
4.47710332180003062e-6
0.96526230355806808
0.18782343702046439
0.110816329355455268
1.60645540662440427e-7
2.54617185348023384e-7
3.45750897633425772e-6
1.18568748299881114e-6
0.00215195945438023239
0.0000407106309502841272
8.56871453025327343e-7
1.03833823654343971
5.44139933207117895e-7
5.57082083201857105e-7
0.472508083492444719
4.64817332829321223e-8
0.386774765758004624
1.08447093737213321e-6
2.87635753404487455e-8
0.968654164258915373
5.47027714545802724
2.03250349105366936e-6
1.09766212403873855e-6
5.02562466495559346e-7
2.47513729937685101e-6
0.101016678798281717
0.000136023803518145367
3.01636019039592717e-6
6.75795715510284064e-7
1.59693375098592384e-6
0.778061823149273191
2.05514800880008075e-6
2.35505897182508166e-7
9.33898474511027851e-6
5.61763151509165789e-8
8.77772364137075723e-9
0.0000412351410734260063
4.36513516618952735e-7
4.41723010486121925
9.24052430726049716e-8
9.13069918928229873e-7
1.60853376038012954e-6
0.263679088312912757
0.0000141268393131440572
7.97849514547818186e-7
0.0108006211289146965
1.06676692359925969e-7
2.43527704016364416e-6
6.31745274898225602e-6
1.10581879314961413e-6
2.23453951122161948e-8
0.415522756914381952
3.05541988869855219
2.91340769715098976e-6
1.78379640685939855
9.444979629852896e-6
0.34004824289025698
0.250310397357797809
0.0356895166396763233
9.23971446290433872e-7
0.0755918297143984563
0.0120971724625619243
5.45463099976354782e-8
0.804514871869235093
0.347212419185516263
0.255761935671304785
0.562281492076171174
6.12701021627629363e-7
5.5093170377792036e-7
2.28671666645097726
2.96839531794363545e-6
0.108908115867635019
1.49498202831564525e-6
1.42717627649708123
7.82733608890556234e-7
1.33285785537010013e-6
0.0972578890983270411
1.96173180761554601e-7
6.73757122009308477e-7
6.13039283306447214
0.533135851995721333
9.23875682150471014e-9
1.51713925933915036e-6
1.38858764265906287
7.7600427952200536e-7
1.31468048470415688
0.00200265363978253431
0.0233565323179121438
2.30582357813017657e-7
5.1264570235679174e-6
1.07879224058975094e-7
9.99349743374262645e-9
1.20139457677896693e-6
2.26337717234593949
0.311253973959063846
0.0000235818395667171293
1.19180524984781577
0.746646850051312705
0.327744008911314888
1.77954142660851855
0.225280181561076931
0.194636320355742604
0.269382639100944954
1.02843683192841826e-6
2.15877413562068707e-7
3.6639898071094345e-7
0.0202168802418773302
4.17269559221584685e-7
0.0158286255230708495
1.88460523735361314e-6
9.91923204022577325e-7
3.49599842515513837
2.09176711002348774e-6
7.4989963327812216e-7
9.21939772875270884e-8
2.03304218326868232e-6
0.0000407425937306607705
4.8022945921634217e-7
3.06183491951226064e-7
0.0456120645425198146
3.42743586414509452e-8
6.7461638942229335e-8
3.42054381174756683
1.05919758081086957
1.20191930821750132e-7
0.642528667159585454
0.0891552876539396799
8.19314177780059118e-7
0.175801093853356349
0.00143320541307934797
2.14489528394279504e-6
2.36776588991028539e-7
0.283175032103899438
1.41084914130722083
4.12353970132627914e-8
0.118840800281644551
1.27425057114538309
6.34946786627814026e-6
1.97683938391795078
0.270809037263600894
0.571850724177750291
1.67328783217642902e-7
4.01821637345902517e-7
2.49336443064105831e-6
1.25294338371479992e-6
7.11327978927697426e-6
0.263679088312912757
2.04301638329960156
1.58314974140036724
0.068389508186717296
4.43205518670364907e-6
4.73695479281967287e-7
1.25096226691313592e-6
6.98336255893636554e-7
4.42348763449588942e-7
8.33521117758538271e-8
1.20139457677896693e-6
5.12917579663604606
0.000278206356689373864
1.22674899346577182
4.50625225461679592e-7
0.683089559782013467
0.0319890665996552664
4.85088560422806308e-6
6.19604077211499715e-7
0.281974809124187986
1.88727346679406354e-6
0.184999932951537188
3.16651757637867148e-6
0.0129715385792378134
0.205781055933621865
7.27034980148082064e-8
0.959496237877306313
0.394263327621460546
0.0137825962673934818
5.63224289795303701
1.48564676470111601
2.61059636143694435e-6
0.426793430295782372
8.52504828420049469e-8
1.86123362405490411
1.27441166099536856e-7
1.62599189502891384
2.3478222420625734
3.55535374858123809
8.95060567268009921e-7
5.63260619778769556
0.108908115867635019
0.200090789361027421
2.29998694484234134
6.52611059571583757e-7
0.815253363894773986
8.25568910921681078e-8
0.537470623608846676
0.644021495986538794
5.40705173494352531e-8
5.09425649307237613e-8
0.0217942007754896375
0.190778562342917679
3.11459093173128614e-7
0.246115716120827332
4.20312695853775718e-7
0.13275466089852403
0.201126851916045624
1.01645937758305095e-6
1.5373559677580239e-6
0.0493480616031742314
2.79857498531478283e-7
0.259290769584466396
1.68859378525253004e-7
1.2617498437910335
1.74982367974399667e-6
0.0716402918232821179
1.62449006283439693e-6
4.40090810662343578e-6
2.72208549322988347
1.74617164943021108
3.87255631251049781
6.65562652232703532e-7
0.209693852620212312
0.00730670486588452274
6.46458706945340182e-6
2.32951666168213874e-7
1.00726247348047404
0.815253363894773986
6.17175112454048016e-7
0.118964666936593091
0.254373233995809467
6.84472459976074989e-8
0.133227902072248855
0.275467878639480024
3.59901210290864087e-6
0.992701816962631378
3.92708438385682619e-6
0.0600323935949286652
1.90342662524511273e-7
4.17283308872335243e-6
4.42909637269893818e-6
5.17697753921344165e-8
1.96358517262943244e-6
1.68182411601883204e-6
0.332789795310873049
2.15219370069354907e-7
0.534206937799119985
2.63353588889304803e-6
0.0523609511546810069
3.34737802096561948e-6
5.53768921327474986e-8
3.68841042946542359e-6
0.212558269456516347
4.0099840413045496e-6
0.228973753272488617
1.88449448286937896e-6
6.32163635673136734e-7
0.279022229479522543
9.32827679518271211e-7
2.42069601727644267e-7
4.95417075464452467e-7
0.504354300338670902
8.94227450162302414e-7
2.93056898549978717
1.29106894284874207
6.46458706945340182e-6
0.00567072067674256625
0.014122773771870786
2.50102467701574094
0.0894692026599422929
0.0338842533667202059
4.65584137359115585e-9
2.71108358682967276
0.202203454891815598
0.00589951167809830111
1.34332090139089853e-6
0.0704528930057945618
1.06093255722085698e-6
8.40192697682478155e-10
2.65616505238677466e-7
2.53979883505023109e-6
2.06451315286125414
7.49060177430615158e-7
3.59299987566460523e-8
0.0000506408276379963411
0.0380285132116584823
2.01474816454228343e-7
0.47403421072178592
0.00242160308303856825
7.18734886192186661e-8
0.000836728365334518404
2.27891328550264218e-6
1.07154356614150161e-6
2.53879442549607015
0.451524949048126567
0.407276969286391066
4.35992201386445693e-6
1.65650117184064341e-7
9.74189566457430168e-7
4.51136860252007595e-7
0.0378560948158938662
2.41669928018035041
3.92392107191126485e-6
0.17577803314149007
0.00419327639004169177
1.94347676390597512
1.03117816098035545e-7
0.173858954044174896
8.93031726399296769e-8
1.01645937758305095e-6
8.65601984386194315e-7
1.71434094499893424e-6
2.82817729868592294e-6
1.03197113397170882e-6
2.11876891192159507e-6
0.000100122896941399301
2.41669928018035041
4.37299917962768559e-7
0.424377200852783964
0.332646803570405103
1.77238172931420146
1.16222609483473833e-6
0.117021433686628401
1.81107895766871485e-6
0.114995545224371221
5.49218027440444199e-9
0.51663880441675214
1.97238074926288462e-6
1.13789835339923706
1.18638181577382323e-6
1.25294338371479992e-6
4.94030319890983611e-7
1.0973330293030672
0.0162564501114359668
0.0000479669860133956347
2.13292615428668217e-7
2.09009199846667396e-7
2.48964839504689461
1.06264856696742382e-7
3.86393208261856356e-9
1.81557904631214365e-7
7.00682053552865744e-7
0.0236463223291221471
0.00800266901892297995
0.049817061798430283
0.549721112022146019
3.33628911358555158e-7
0.395497559710548674
3.13369850449887671e-7
0.0000333367617085278433
0.0518289715709734852
0.239259828984241862
2.28237010967883469
1.14418420706668921e-7
7.48354959167573537e-6
1.67078850040226797e-6
4.35043254650666935e-8
3.6001772175487323e-7
0.0564169308083777923
0.0000109963909196746415
0.275047852957826189
0.92274302921036444
1.52462978566533214
3.19315377224577262e-8
0.628148897023422803
4.28970296149637637e-6
0.319682268984873175
0.000144923299584551429
0.0217454767613422598
4.50342548328883501e-6
2.12619630055614506
2.89814320710379647
0.661432498444420314
4.3251794109675081e-7
3.8143766722085602e-6
3.19435800396521241
1.42759383089195224
1.85522582398288605
1.89815997018860338
1.63495668800957647e-8
1.68709881285059017e-8
1.78379640685939855
0.0100082080597321699
0.304366504385793046
1.09173189363209389
0.253821598731165943
1.14418420706668921e-7
1.19469404649498358e-6
0.674678644765820401
5.31514167336600973e-6
0.318261698034857599
1.76301004112908994e-6
5.31204152620495804e-7
2.75950228365428973
1.51857545063651016e-6
6.65241979899313798e-9
0.917199256511629701
0.248618268823587396
5.78249700561150289e-6
1.10477768777325759e-7
1.94433572514922567e-6
1.31815337371588659
9.17118992610155994e-7
1.9492163575654621e-6
2.28621088784091908
1.53653043331537344e-6
1.13036684592512948
4.6270038684337324e-7
0.0000121314620515082921
9.44112351651068578e-6
0.280494509615240584
2.09580112754404446
0.0000209540546498580638
2.20611354869841292e-6
0.489510913001319992
1.88460523735361314e-6
1.02310742515292818
0.273426509245644711
0.0000228962150584180299
1.50087017844599496e-8
0.396457704317866921
5.4968723062360816e-7
0.0000334269448683764128
1.16222609483473833e-6
3.13896071176285421e-6
1.75771280345827382e-7
0.00452569216169596347
9.719166343411984e-8
0.784074358119810633
8.69293950328714254e-6
4.46972417207702462e-8
1.60110709040388934e-6
3.73445569859341308e-6
0.818038557665649702
1.29565302855924547e-6
0.0590680749351439882
0.405876640972206049
1.60448015362579742e-6
1.23975179802578117e-6
6.2856056984243124e-7
0.0124864108789843695
4.2611362168352624e-6
3.96698824173229164e-6
0.252047238264924422
0.507446102350354367
9.50680229070445583e-8
0.669948563997004976
0.0217454767613422598
0.000836728365334518404
2.66521868262328837e-7
1.62449006283439693e-6
5.25411120135513291e-9
0.0832824941669145641
0.0269035976358412698
0.709785791654579668
8.94394545959733248e-8
5.84383843890849963
2.67640087931389624e-6
0.14708743181928205
0.0881014451345999289
2.72698328022074252e-6
0.310844546367650187
0.242808374651275749
0.0556275255819721065
0.278752123785133144
6.14001048860646099e-7
0.00160654363548146128
0.00104190401611042134
0.00758681525505493139
2.4507813204729903e-6
1.95969229781834286
0.0284771400422925841
3.19660607563228525e-6
0.0000292890074055318053
2.26313424351234842e-6
0.226472756668384512
0.114830600819029488
1.6771033345768982
0.0000104460225418335862
0.0499030142203962662
5.24566375102749927
0.000196139895283073791
0.018562695701418705
2.19953471269916767e-6
0.0205451690737934664
0.0000400001037747980165
9.30727439265676037e-9
1.80293735550441808e-6
0.333240650326020904
1.9271378447437341e-6
3.87359596620198232
0.235216763224884412
1.62203148885392035e-6
2.67941650933791764e-6
0.289228575568539981
1.52624617858634639e-6
2.15955361118166822
4.65042875160023569e-7
0.159240889356776383
2.0704716909505505
1.76536633887940754e-7
0.000492140650224304698
1.77304412064337591e-6
1.24456332696768302
0.636495586953581438
2.74786479774835072e-6
0.426724443185986568
3.81856429398680325e-7
8.00106928675997205e-7
0.0639676606554456378
0.393954419490443852
0.310790677500444756
3.27353287379181612
9.45874774529803854e-7
1.44665000478296779
2.11509149947233821
1.09234916522396901e-7
0.074621044126472233
6.64837734048989793e-7
0.79664414872840783
4.80308976412471834e-7
0.0114420874004856708
6.40911126707540592e-8
2.93891169681484366
0.108049684971680396
0.00145000488732773989
2.37230342538289845e-6
0.105467884174879609
0.761788627489296988
7.84914502954987063e-7
6.02879325221553408
0.310790677500444756
0.332729534026080354
0.0000325187391556490643
2.62881457314983331e-6
6.98824239979323643e-7
0.954255844531531117
0.486443793515528022
0.0000194752359332857755
5.41036736681581248e-6
0.17550644322841677
2.40103925522230047e-8
1.04592083850627033e-6
0.120857062613980229
3.51336790418041647e-6
1.99140560650337717
1.36376423276413394
0.178896406365855132
3.87421803662548459e-6
1.65752808816055959e-6
1.80964596542091077e-7
0.0000358406021636648064
1.27810146360372739e-6
2.38446820555772224e-7
0.809843797687361255
0.263679088312912757
3.82319003159355031
0.250310397357797809
4.38051123223733912e-8
3.34519603414599796e-6
0.150156946952892695
0.987881844891563499
5.26741507527511028e-7
0.169059926546318323
0.8506326505636298
1.39828639269471715e-7
2.31089438995300413e-7
0.135145278182015938
0.558153917029660107
0.0849960835171023055
0.297136552908044749
1.8650852867645776e-6
1.44899521720547209
0.64918301187111549
1.26402899712754757
0.189267540002001106
0.12511317262692731
0.0000174238635962080091
2.81042470798346917e-7
2.07500331439868103e-6
0.0776761086620632313
2.24022939902784968
1.59083478682564437e-6
2.42996843531287489e-6
0.147609142277832839
0.865318043410939097
0.0000314816256054283885
0.874486624093695819
0.476624125178136349
3.52418392171400524e-6
0.0000506408276379963411
4.01821637345902517e-7
8.09684644763054759e-7
0.000559154246892943122
0.270062330889779378
3.48190481966454761e-6
0.740978824770977651
2.19339416547333377
5.39523632178373012e-7
0.752381600569380193
0.0235074786219698871
0.000365362544185820418
3.73445569859341308e-6
0.927421169317268923
2.53985074642519421e-7
4.54768504522181161
3.06980688010191827
0.0339918800611611963
3.18194815771640327
0.329797713469149989
2.26182180311559045e-7
2.03969815879385896
1.06022626718299419e-6
4.15394540115444364e-7
0.361780609183279756
4.26433964682988891e-7
2.7789692903816673e-6
2.18768878312696505e-7
1.67338929129510591e-7
0.147759053588370853
3.05399258108587113e-7
0.767131396765336038
1.13036684592512948
0.550363912205789729
4.08985377048133358
5.81346087752754945e-7
0.78051514463099525
7.74049096788304529e-8
0.887802840317566511
0.424604681098432302
0.0000154658922967862012
4.55985702611802457e-8
1.74982367974399667e-6
0.0022694335252675499
0.00124642163386672988
1.14418420706668921e-7
2.16181044423318899e-7
2.08961918150684957e-6
7.99972400171568529e-9
2.637110461883303
7.97849514547818186e-7
1.688360754320834e-6
4.57746893590533688
1.58285730728033802
0.00314093202553677401
2.3344877584965209
5.89284599663232145e-7
3.48292408677687539e-6
1.33581480383311568
3.27395070190406656
0.393405103119085053
0.847230398888286551
0.672860513046149467
0.652232740741163886
0.0000192932437550602001
7.21042948066544817e-7
2.19953471269916767e-6
0.00874881221378221233
1.88718754624423646
3.01256795746482098
0.0931662623944089358
1.77574144136456002
0.000017303447047347654
9.6972769742034399e-8
0.0124405841653451449
2.69514468616001768
1.59433268341110468
1.3836184912056789e-6
1.76277642309796656
1.69347100051782471e-6
3.19315377224577262e-8
0.0829005495383450808
1.42403574242864939e-7
0.845705093447404854
5.71138941502860949e-7
0.383758527686346496
1.16222609483473833e-6
4.30024533721306813e-6
0.160671933359283703
0.00095858709745489832
0.0134372794695767038
3.66491366111893926e-7
0.585933461494093088
1.7454181720290074
0.0358209578429953962
0.613230115508255014
1.25966474325810118
3.51413631747122378e-6
0.369744223767967006
0.348298544767640383
0.376101771846261756
2.61827015954315421e-6
3.72138733936130072e-7
4.64206271500356299e-6
0.715258290479758752
8.98257411907245902e-7
1.95626547884615938e-6
3.04498366484232333e-7
0.00399919225291665587
0.00974492676485975984
0.35514625526309862
5.07155260817173303
0.740938660688534201
2.28602004939635001e-6
6.52611059571583757e-7
1.58314974140036724
9.3064486040265101e-7
2.59441133608812358
2.97004474532536732e-6
4.8801011815141126e-6
2.8465025359761183e-7
0.210986921839242308
0.347208513220561676
5.1264570235679174e-6
0.619786187332437621
0.356193515313263653
6.39438781684319121e-7
2.09176711002348774e-6
0.0267853648111782798
2.1381565200727235
2.09386843731282289e-8
9.09476503022797715e-7
2.05723775530538738e-6
2.40649675859934829e-6
1.04588662238271968
0.229048942566760727
1.25591636525942044e-6
1.89784713981305577e-6
1.67596419132380221e-6
2.03366109487560109
1.21957519666581195e-7
2.11351346059638434
2.60119149261791982
0.270062330889779378
0.000437429900124075457
0.502409158517143406
1.25043334859966267e-6
2.77270282531139101
0.722482335466938075
6.34946786627814026e-6
1.44012452944852314e-6
0.282284628592742892
5.14974660172498288e-7
1.03468781361455477e-6
0.00458341030737480139
3.99700696764567245e-6
1.21016950636803838e-9
1.54879116227207336
1.67092034244393028
0.0493480616031742314
7.87469473061791044e-7
3.72333533465988192e-7
3.14731900394903708
3.00984960280609172e-6
2.48644297782064487e-6
4.80990114143151766e-6
0.0000209540546498580638
1.36376423276413394
3.10301739932082415e-8
2.56109460793251504e-6
2.48968665831687307e-6
1.54598031391226068e-7
2.41263409937049657e-6
0.0000254417894368057201
0.0000334269448683764128
0.818373133272445763
2.81952483972385126
0.0157018347034330978
1.16218269577996058
0.0157018347034330978
1.04508283665215751e-6
1.03786458464474407
1.01373371161686056e-6
1.59693375098592384e-6
4.65042875160023569e-7
0.525282652054927302
0.954926367989592406
1.1459800923933745
2.37180821352659699
3.57668259818360813e-6
2.39316710442537328
1.80293735550441808e-6
2.01470738181245812
5.58655005704171849e-6
2.36844117416664401e-7
3.04188961568175185e-8
1.04070778934807763e-7
0.192260636680302605
6.32163635673136734e-7
5.13514383779056704e-6
0.47755103684746536
0.337835866445896027
3.59466045164949668e-6
1.60645540662440427e-7
2.18642186504756879e-7
6.93450865049814266e-8
2.26514619221983214e-6
5.4968723062360816e-7
1.18382242540120397
2.1760448177927655e-6
9.50450267611920229e-6
0.424377200852783964
5.51588260809248711e-6
1.73508750829885257e-7
0.0894692026599422929
0.0478088581379020397
2.69070844686082038e-6
4.34219399316460135e-8
1.01874262260886773e-6
0.00360720258102997576
1.98449726601608223
6.08184200660109424e-7
4.14101267577564857e-6
2.42886119220801519e-6
0.551549407520613877
0.159349127067361734
1.10477768777325759e-7
0.021924351162274567
3.61119017768053974
4.86738969102173334e-6
3.77797807216901362e-7
2.90499333061890219
0.106885262222788657
0.0948719239206163578
1.79160034392484272e-7
5.21657943218465751e-6
0.238167987633628231
4.86127003422680311e-6
0.319682268984873175
1.56162882012154748e-6
1.96708660995382178
1.2869871492581768e-7
8.90080216270860414e-8
9.3402708573587424e-7
1.05260774086481801
5.34466126587104764e-7
0.0171951676804212548
0.00227752672095389011
5.89129025761029423e-8
6.03703883364201975e-7
4.85412942173280942e-6
0.879557956158009691
9.83031972924234801e-7
0.465954018024172745
4.15394540115444364e-7
2.58059113472504235e-7
8.0983479333325724e-7
2.9514590320575456e-8
0.132070859307339583
3.22414115190382996e-6
6.65241979899313798e-9
3.48617941592721536e-6
0.0303007439700013273
2.55946262334623262e-6
2.20053476793706911e-6
1.5652281501418408
2.99312704249638484e-6
0.0202168802418773302
4.26518172321117916e-8
0.230266856554299904
3.92277027846253024
4.47927296833747638e-6
0.410982475045591267
0.650453961674567593
0.325522979981289873
3.57928048917531516
1.29516797212792523
3.39708512046663102
0.311591840757634353
1.63895090844403532e-6
0.0363637346674817244
2.57030666527104001
3.95717773378797621e-9
1.62010192255515717
3.63113018372272571e-8
0.103412971323519148
0.289909139987940212
0.664392941150450556
0.00277009377804292257
1.52441932624025855
1.05505832256174174e-6
0.00817633134270833589
0.794979567842873158
0.362447156150428107
5.83133490005455648e-7
2.84429343773635649e-7
0.833737865188774907
0.833737865188774907
0.107521625150012817
3.88400863086029925e-7
0.794635511032865116
1.07794975060957099
0.0306162092568885227
2.98700463716170731e-7
0.0600323935949286652
1.44866793264925237e-7
2.40997269967613809e-6
0.319711915327347718
0.718345631438669474
0.155844334705498494
1.85537877035650789
0.0969501254904411025
5.59688060726609393
0.0533408748952105966
1.79557628112901471e-7
0.259290769584466396
1.0545124603950493e-6
0.394263327621460546
4.64669542413904606e-8
5.13514383779056704e-6
5.01497164764901656e-6
2.23558123900455843e-9
1.01970885178317786e-7
0.0659909717295173726
0.81342793084914311
4.43205518670364907e-6
0.0997849403053179956
3.67712402149230844
0.751365333188446893
2.36461319467095109e-7
2.40997269967613809e-6
0.776564221356991546
2.38926185963424045e-6
0.474859439628000368
1.54129377060797889e-6
1.60668320684907528
0.0000283466305912053507
0.142144970480416161
6.03703883364201975e-7
2.33236659843374632e-7
9.81963539331682921e-7
1.81887597385752795e-7
0.0000157263744060453836
1.13346411525938397e-7
0.146498326053994543
1.89297813266896629e-7
2.15663718648099634
0.89325796014545078
0.118964666936593091
0.00004839349278124577
5.40962681434695435e-7
1.96293244975040793
2.44728803026518404
0.608494969056768142
1.74421457972393784e-7
8.93387614809752812e-8
5.5093170377792036e-7
6.55460456979726463e-8
0.656924589711959661
0.991645799819499851
0.728198957966889271
2.74359532255682792
0.518958253463444818
2.1944755291062988e-6
0.644021495986538794
0.0022694335252675499
0.0201338959754783567
1.25591636525942044e-6
3.31791024789816159e-6
0.745722364789569436
1.63908692278487012
0.921502350528877967
4.94623696653846204e-7
8.37843288784526763
0.112818344175379531
0.159501134044019527
9.81211548882280622e-8
5.26741507527511028e-7
2.60468594845879114e-7
0.00380188706843721498
1.44709571728790443
6.30830932747469042
4.76606816591712727e-7
0.182342409127973559
0.0026312441796982125
0.667162546712728899
5.40705173494352531e-8
0.00242160308303856825
3.01159405800415378e-6
0.55576584923158745
8.19577597934335577e-7
1.25471986493260369e-6
9.21939772875270884e-8
7.93696295237525641e-7
0.455268979108814087
1.20368928435320898e-7
0.521686981991469012
5.83133490005455648e-7
2.14489528394279504e-6
3.95563739059921501e-6
2.71992832281283106e-6
0.412302532280992229
2.469801952323215e-6
2.07021408132174529e-6
0.0920952700245564609
0.186393394715070881
1.688360754320834e-6
2.4233858681857657e-6
0.578972254507488793
0.558153917029660107
3.6050731480050775
0.00730670486588452274
1.33312518096930095e-6
0.0233438864566888164
0.021924351162274567
2.57030666527104001
0.101915610271286816
5.8587165023660536e-7
0.565074585549746544
0.534229308346361065
1.8260496635133534
5.05893971601674376e-6
1.00668020883197993e-6
1.41632570180314965
5.11153438055095924e-6
0.10285870914556372
0.0378560948158938662
0.296765689816115952
4.01735580290229024e-6
5.37290890710029893e-6
1.1615078413722388e-7
0.660219814902142654
7.31774067108830158e-7
1.2199981714445051e-6
3.43495051858448885
3.56192421030690935e-6
0.021696989859977138
0.240398715898142212
8.03674893567039917e-8
0.000788551479936148731
0.00892421097832675307
2.73570358775624489e-6
2.53123944498571252
6.72224750301051066e-8
8.82077250504993577e-7
0.245209954585462159
3.28369200978091538e-6
8.28538984560859617e-9
4.35829136782955355e-6
0.190377864944051956
2.03969815879385896
2.32128793254228232e-6
1.17492084075420067
4.26518172321117916e-8
0.137066409011476653
0.00335515777147690764
2.94279764171947935e-6
2.53985074642519421e-7
0.388002735547103739
1.14843143505959544
0.209693852620212312
2.18503922864474642
0.025059202129497412
1.57215038403150944e-7
1.29103242903460558
4.11173785522949823e-6
0.0250694937842011953
0.79664414872840783
4.31374465498662935e-7
0.000583687983009245777
3.40175266990610245e-8
2.00943783955563278e-6
0.00846218819644732091
1.53946471366645171e-6
1.24139609186027927e-6
1.54394083250020442
0.00740112458743401747
5.2019252808539491e-7
2.55377312112561459e-7
0.347212419185516263
1.95969229781834286
0.17717454142946662
5.95726756257170859e-9
0.732565921958487909
2.48968665831687307e-6
2.53138503591516706e-6
0.176773924594884335
3.99402381101998943e-6
0.165819945241905797
4.20312695853775718e-7
1.15595846072664798
1.04025604038533204
6.90965915804004895e-7
3.61127900648064389e-7
0.260576282651745483
1.72048849654104507e-7
1.55080304922292878
0.140968920318577995
0.128787369965131959
3.57326739180234278e-6
1.34276158783079149e-7
0.0000569198647520585227
1.20301119240485963e-6
0.0459127375768500143
2.47725557718724181e-6
0.0285336046975969634
1.96131404716966863e-7
0.864628548179610545
0.0591926098791940164
2.55760758770279634e-6
0.0000213744623299659226
2.89744733653487518
0.0000149102178850442841
5.25695698464916864e-7
9.13069918928229873e-7
1.87790550310617537e-6
0.102470655600871888
3.8143766722085602e-6
0.282686693020853308
0.654746342416203109
1.13725195500358527e-6
1.89705066391984208e-7
0.636495586953581438
1.75882639089119175e-6
1.30443454024538554e-6
0.980647230983973106
1.84920625026298945e-8
0.0108006211289146965
0.90347999113687627
1.78854822766090948
1.03019073674248274
4.58856454767334699e-8
1.66463393478840138
0.874210517136976839
0.034405849681869688
0.449944946303340143
0.624606741892090089
0.154705732813081087
0.141975255027765368
8.74410322647977144e-7
0.687144750579758656
5.87143690435843603e-7
3.33335475473237318e-6
1.19096563040482861
1.9093306723255381
1.24259360723067938e-7
3.36018014609018589
6.83909295658376235e-8
2.44706814059647794e-6
0.75173156378840511
1.07879224058975094e-7
6.98248797027237852e-7
2.45028661241366061e-6
2.20282998400619068
2.7628671494812842
1.40396539637582192e-7
0.0160847598211244641
0.86174608148619436
3.46247543564855039e-8
2.26838234799562155
0.356193515313263653
3.38820047630170133e-6
5.01116699240671991e-7
0.48365714952680966
3.6861020652890766e-6
2.25301100372024319e-6
0.313079080731551218
0.648609641128810699
0.703221821608052022
1.02990974360374863e-7
0.0831554321675683217
0.0000235818395667171293
1.05260774086481801
3.38380093215300448
0.0570238945790180196
4.37299917962768559e-7
0.0902870513666843011
8.85052994601478179e-6
0.154705732813081087
0.120920075170517532
0.437974175046459635
3.13369850449887671e-7
3.2742023743306578e-7
1.56328642815265548e-6
1.66194289434774745
0.0993079617842980711
0.0894082897009457478
0.541177351038368282
3.96698824173229164e-6
4.66152667563563217
9.43258646045767575e-8
3.1529727759343098
0.0493480616031742314
0.131108695815635473
0.223044058034727738
5.76932282063251186e-6
2.25308295594422889e-6
0.0000121314620515082921
7.54964432919766182
0.794979567842873158
0.117472234802975056
2.74543964117914929e-6
0.0150079965447981762
0.756537913256898786
3.57928048917531516
0.0143846781031474902
3.1928192692192465e-6
0.348298544767640383
3.15358371435159551e-6
2.08188086029668367e-7
0.225280181561076931
0.325390122905398038
2.88726513417389779e-6
0.00350539402899576478
1.28123055340806014
2.37621350235914619
7.37626316904453194
2.82734790344257497e-6
7.81209267646866125e-7
0.880244858189200508
1.54382224604495666e-6
8.17031373961039726e-7
0.392157795061650716
0.502409158517143406
1.80293735550441808e-6
1.11672353441027283
0.00297059771039557023
0.130932605865638041
1.30296598496463156
1.18954259882119574e-7
2.89814320710379647
1.56063167543992134e-6
6.92001074277838011e-8
0.296257812217667171
0.0160847598211244641
0.685588426491253733
9.57468039552516141e-7
1.92078701497506717e-7
2.6784142197155608e-6
0.0000182609886713224919
3.32195874149163853e-6
0.0352136604945334913
3.77797807216901362e-7
0.0000149102178850442841
1.25966474325810118
0.197465310438937419
0.00719297941964483923
1.11092398322616637
0.582096869441746212
0.000437429900124075457
0.984421166914955625
2.68294304026783894e-7
0.0344842490099057583
0.127605963575555675
0.401547224950733028
3.71522360207978e-7
0.0549796020477113304
0.0478088581379020397
2.18768878312696505e-7
0.183654359527850086
0.00297059771039557023
0.042056359270571525
1.39946374014136162e-6
0.0301057700147431273
4.2093285181485352e-8
3.79289519401355408e-6
1.02272397530799686
2.38307752048903199
9.83031972924234801e-7
5.16463281433253379e-7
5.24108928771920754e-8
0.164086097866826486
0.348298544767640383
1.5532351207909989
0.52038085408379875
2.61059636143694435e-6
0.0446186031170273598
2.08964200250100385
2.86709975816448036e-7
0.0134372794695767038
0.026727065084493868
0.000426230092599725349
1.81668695088666763e-7
2.51377037862745656
1.58461029358278971
1.40172765129706614e-8
4.35623998839635097e-7
0.767131396765336038
2.37345307425570235e-6
0.530603542141371287
2.27250288189096306e-6
1.96647453726928267
0.00210416676581229051
0.00730670486588452274
0.551246551985766775
0.606229863825870963
0.637621253030782098
2.26313424351234842e-6
0.946125293328543671
1.7601939855069005e-6
8.40131455926289135e-8
1.86888331783903754e-6
3.686410612868016e-6
7.12589642944476546e-7
1.62781322597122724
1.64095921427876776e-6
0.34099959338448621
1.44812274466887955e-6
0.745593485559311153
2.89814320710379647
0.24661227541592351
6.34946786627814026e-6
1.04592083850627033e-6
0.0233438864566888164
3.81856429398680325e-7
2.55762514546307157e-6
5.31206719890939231e-7
4.57235905136681318e-7
0.0318745339743403827
2.4788012122788663
1.03122632264455372
5.64378548741107727e-9
0.216017210042424301
1.31292548477999815e-7
3.00808470453279719
7.57932505121008549e-7
4.46019812141177707e-7
2.51107760951481812e-6
0.733673305336392412
0.0593702505882835463
4.97271823477936573e-6
0.0323026856747924279
0.233420785767734534
0.793489125530504436
6.51567664005561566e-7
1.05271847786717401e-6
2.43527704016364416e-6
5.14974660172498288e-7
1.62178991990663013
0.223044058034727738
3.57440270826286017e-7
2.57737429438230347e-6
0.00490592645089932104
0.209693852620212312
0.491072615838684001
2.29322348109685426e-6
1.15712097080751897
0.395279087943627872
0.0000148392777360730279
1.07879224058975094e-7
3.25403739439521283e-9
1.31414001089655613e-6
1.29865848508725845
1.74421457972393784e-7
6.76729771147362805e-6
0.106885262222788657
4.4052882379291964e-6
1.42717627649708123
9.88068928879855853e-8
1.64708308120244773
2.13292615428668217e-7
0.0136043474831013447
0.020011500136387448
4.00075560745286033e-7
0.493436089873907913
4.20312695853775718e-7
3.90015544430090602e-6
1.39813182173043836e-6
1.24456332696768302
9.87880597709189476e-7
0.0000121632834813778798
0.575669135087084283
0.462419514334445392
0.637621253030782098
1.92960473938741872
5.31514167336600973e-6
0.660932317686315107
7.44523205247378333e-7
0.00411423820614597018
4.99287693413034954e-6
7.44523205247378333e-7
2.849572468626274e-6
8.12301987103649327e-8
0.995479184473674672
0.196213792885562205
0.514464581384235231
3.15109747421350031e-7
3.02512735211526653e-6
0.457466399146464087
1.39272480334414839
0.00166527204737954124
3.54021202752932148e-7
0.0000177933451480086205
0.945759961313404007
2.33609465707281139
2.80389073990969679e-6
2.17889680476056259e-6
0.558295169139434555
5.37094044810981854e-7
0.29939349349588551
0.936049994558235898
0.502409158517143406
0.318632558236987606
1.31468048470415688
4.39164149106086839e-7
4.64669542413904606e-8
1.16108830758678372
2.20143935522476066e-7
2.97551383437013506
4.776579379791003
2.9488299892061065e-8
3.75846516394295923e-8
1.06945109205401699e-7
0.0250694937842011953
0.00758681525505493139
1.1914748683843967e-8
3.48292408677687539e-6
2.85925681936317044
0.263679088312912757
2.94279764171947935e-6
0.118964666936593091
0.977873848462357365
2.36461319467095109e-7
0.339467307106153915
5.45463099976354782e-8
1.54962923859866142e-6
4.4042170741826669e-6
1.48627755486798363e-6
0.223966174323199318
0.296222124653159613
0.091567175696020825
4.20312695853775718e-7
1.60645540662440427e-7
5.31204152620495804e-7
8.68030708345032093e-7
1.1392498798225601
1.01667903804570159
8.00842424683796617e-8
0.926258465922354612
3.61839076738916867e-7
6.47774590477670821e-8
0.0662914074400021425
2.94454219256071504e-7
0.576412480626377732
0.75173156378840511
0.547345199252492698
0.0000601784729005266659
0.562281492076171174
1.24334585724750073e-6
3.98096098973759801e-7
2.95285339589631102
1.38819701623198854
9.70460345610316104e-6
4.2210394314251558e-7
2.75804291817681319e-7
6.85142701157993572e-8
1.3502338100182345
0.0223127844720068039
1.80476562877762609e-8
2.23986630262585548e-7
2.26514619221983214e-6
0.0727383023354048336
0.000431615962311691535
0.7377797963226983
8.68030708345032093e-7
3.42393471814533212
4.00696934405405791
2.80389073990969679e-6
2.31303203586860304e-7
1.76943626197560389
0.0159525150248237477
0.0423416855772196718
8.00842424683796617e-8
0.521495598053813847
0.794494688414509875
3.38932275496488959e-6
6.77937902958457862e-7
1.12123234679422978
0.373455938472966931
2.64273244843648403
0.434039858632990772
2.25458569833364806e-7
6.04256332469262679e-7
7.49870319558792846e-7
0.168921919727656494
1.80476562877762609e-8
2.18985674944427694e-6
0.00113894450221450482
1.21675526923685728
1.63562519860081301
1.24983147946775301e-6
6.14472753578834103e-8
0.190419420956103591
1.81383749300731194e-8
1.38725832356528946e-7
0.00108281740307574923
5.88575030371259217e-7
0.89325796014545078
4.45004115843347014e-6
0.476738482573984768
9.50450267611920229e-6
0.667162546712728899
0.626758323231942693
1.27272298528951296e-7
0.562281492076171174
1.33256903584270309e-7
0.282686693020853308
0.0503334639741570139
1.92823920552411265
2.7313780744613835e-7
3.81311071435625015
3.79802038439188629e-6
0.43711424699742274
0.43276732538522189
0.745593485559311153
1.30206414270281134e-7
5.48357261700126503e-6
0.0148110924354726836
0.0336955356381449453
0.120920075170517532
0.46769022716432096
1.07490732061192174
9.85736699342085665e-7
3.92285465346769337e-6
8.49788074286591787e-8
2.40811860629973343e-6
0.216017210042424301
1.37066451920822718
0.395279087943627872
3.66413528600261531e-6
1.66629779238437159
1.24105488741942293e-7
7.41201722318638435e-7
0.0000104928144413674089
1.08001753607538399e-7
0.0000213744623299659226
4.07287295390707715
0.0927872421108858758
4.42401609843209868e-6
2.8029977217081892e-7
6.38386088505549747e-7
0.00547930962211469908
8.94227450162302414e-7
9.00222963054406652e-9
0.0000122480415578466198
0.0662914074400021425
5.83484010010778675
0.0942518383405456517
1.5777069838773586e-6
3.8356900875914396e-6
0.211526869513960186
1.48772403522981978
3.33628911358555158e-7
7.57932505121008549e-7
1.42788359290592112e-6
1.29565302855924547e-6
2.35025998443357607e-7
1.44812274466887955e-6
6.32466993582102107e-7
1.31047921167331216
5.45241513596940215e-6
4.82332683140096705e-7
0.0735838600471115795
0.114840589746873542
0.105467884174879609
0.162368085133711926
0.485948960296476551
0.025059202129497412
0.0000154658922967862012
2.86080742729435511e-6
4.6299023157135187e-7
5.6017718245974053e-6
1.53946471366645171e-6
0.668248373673602125
1.64922970682407866
1.5029009948292091e-6
1.14485291829459546
1.61350723418946573e-7
5.00980321330775051e-8
4.82452466577462787e-7
3.20919384953506028e-7
1.1962499432452318e-6
5.26660031910707206e-7
1.55834735011743159e-6
2.32128793254228232e-6
3.70501169426175304e-6
3.75258117568386082e-6
0.00530214958018357559
0.48365714952680966
0.00650383119633769421
3.46949216847383202
0.78051514463099525
0.0962459111061162165
8.25568910921681078e-8