-1.000000000000000000e+00 0.000000000000000000e+00
-9.799999999999999822e-01 0.000000000000000000e+00
-9.599999999999999645e-01 0.000000000000000000e+00
-9.399999999999999467e-01 0.000000000000000000e+00
-9.200000000000000400e-01 0.000000000000000000e+00
-8.999999999999999112e-01 0.000000000000000000e+00
-8.799999999999998934e-01 0.000000000000000000e+00
-8.599999999999998757e-01 0.000000000000000000e+00
-8.399999999999998579e-01 0.000000000000000000e+00
-8.199999999999998401e-01 0.000000000000000000e+00
-7.999999999999998224e-01 0.000000000000000000e+00
-7.799999999999998046e-01 0.000000000000000000e+00
-7.599999999999997868e-01 0.000000000000000000e+00
-7.399999999999997691e-01 0.000000000000000000e+00
-7.199999999999997513e-01 0.000000000000000000e+00
-6.999999999999997335e-01 0.000000000000000000e+00
-6.799999999999997158e-01 0.000000000000000000e+00
-6.599999999999996980e-01 0.000000000000000000e+00
-6.399999999999996803e-01 0.000000000000000000e+00
-6.199999999999996625e-01 0.000000000000000000e+00
-5.999999999999996447e-01 0.000000000000000000e+00
-5.799999999999996270e-01 0.000000000000000000e+00
-5.599999999999996092e-01 0.000000000000000000e+00
-5.399999999999995914e-01 0.000000000000000000e+00
-5.199999999999995737e-01 0.000000000000000000e+00
-4.999999999999995559e-01 0.000000000000000000e+00
-4.799999999999995381e-01 0.000000000000000000e+00
-4.599999999999995204e-01 0.000000000000000000e+00
-4.399999999999995026e-01 0.000000000000000000e+00
-4.199999999999994849e-01 4.269854824935952133e-04
-3.999999999999994671e-01 4.269854824935952133e-04
-3.799999999999994493e-01 4.269854824935952133e-04
-3.599999999999994316e-01 4.269854824935952133e-04
-3.399999999999994138e-01 4.269854824935952133e-04
-3.199999999999993960e-01 4.269854824935952133e-04
-2.999999999999993783e-01 4.269854824935952133e-04
-2.799999999999993605e-01 4.269854824935952133e-04
-2.599999999999993427e-01 4.269854824935952133e-04
-2.399999999999999911e-01 8.539709649871904265e-04
-2.199999999999993072e-01 8.539709649871904265e-04
-1.999999999999992895e-01 1.280956447480785694e-03
-1.799999999999992717e-01 1.707941929974380853e-03
-1.599999999999992539e-01 2.988898377455166330e-03
-1.399999999999992362e-01 3.842869342442357082e-03
-1.199999999999992184e-01 8.112724167378309106e-03
-9.999999999999920064e-02 2.006831767719897616e-02
-7.999999999999918288e-02 4.184457728437233209e-02
-5.999999999999916511e-02 9.137489325362938009e-02
-3.999999999999914735e-02 2.655849701110162275e-01
-1.999999999999912959e-02 6.007685738684884758e-01
8.881784197001252323e-16 6.507258753202390666e-01
2.000000000000090594e-02 6.507258753202390666e-01
4.000000000000092371e-02 6.507258753202390666e-01
6.000000000000094147e-02 6.507258753202390666e-01
8.000000000000095923e-02 6.507258753202390666e-01
1.000000000000009770e-01 6.507258753202390666e-01
1.200000000000009948e-01 6.507258753202390666e-01
1.400000000000010125e-01 6.507258753202390666e-01
1.600000000000010303e-01 6.507258753202390666e-01
1.800000000000010481e-01 6.507258753202390666e-01
2.000000000000010658e-01 6.507258753202390666e-01
2.200000000000010836e-01 4.487617421007685792e-01
2.400000000000011013e-01 1.673783091374893284e-01
2.600000000000011191e-01 6.191289496157130479e-02
2.800000000000011369e-01 2.988898377455166677e-02
3.000000000000011546e-01 1.323654995730145188e-02
3.200000000000011724e-01 5.550811272416737718e-03
3.400000000000011902e-01 2.988898377455166330e-03
3.599999999999999867e-01 2.134927412467976012e-03
3.800000000000012257e-01 1.707941929974380853e-03
4.000000000000012434e-01 8.539709649871904265e-04
4.200000000000012612e-01 8.539709649871904265e-04
4.400000000000012790e-01 8.539709649871904265e-04
4.600000000000012967e-01 4.269854824935952133e-04
4.800000000000013145e-01 4.269854824935952133e-04
5.000000000000013323e-01 4.269854824935952133e-04
5.200000000000013500e-01 4.269854824935952133e-04
5.400000000000013678e-01 4.269854824935952133e-04
5.600000000000013856e-01 4.269854824935952133e-04
5.800000000000014033e-01 4.269854824935952133e-04
5.999999999999999778e-01 4.269854824935952133e-04
6.200000000000014388e-01 4.269854824935952133e-04
6.400000000000014566e-01 0.000000000000000000e+00
6.600000000000000311e-01 0.000000000000000000e+00
6.800000000000014921e-01 0.000000000000000000e+00
7.000000000000015099e-01 0.000000000000000000e+00
7.200000000000015277e-01 0.000000000000000000e+00
7.400000000000015454e-01 0.000000000000000000e+00
7.600000000000015632e-01 0.000000000000000000e+00
7.800000000000015810e-01 0.000000000000000000e+00
8.000000000000015987e-01 0.000000000000000000e+00
8.199999999999999512e-01 0.000000000000000000e+00
8.399999999999999689e-01 0.000000000000000000e+00
8.600000000000016520e-01 0.000000000000000000e+00
8.800000000000016698e-01 0.000000000000000000e+00
9.000000000000000222e-01 0.000000000000000000e+00
9.200000000000017053e-01 0.000000000000000000e+00
9.400000000000017231e-01 0.000000000000000000e+00
9.600000000000017408e-01 0.000000000000000000e+00
9.800000000000017586e-01 0.000000000000000000e+00
1.000000000000001776e+00 0.000000000000000000e+00
