-1.000000000000000000e+00 9.205020920502091607e-04
-9.799999999999999822e-01 9.205020920502091607e-04
-9.599999999999999645e-01 9.205020920502091607e-04
-9.399999999999999467e-01 9.205020920502091607e-04
-9.199999999999999289e-01 9.205020920502091607e-04
-8.999999999999999112e-01 9.205020920502091607e-04
-8.799999999999998934e-01 9.205020920502091607e-04
-8.599999999999998757e-01 9.205020920502091607e-04
-8.399999999999998579e-01 9.205020920502091607e-04
-8.199999999999998401e-01 1.004184100418410112e-03
-7.999999999999998224e-01 1.087866108786610846e-03
-7.799999999999998046e-01 1.087866108786610846e-03
-7.599999999999997868e-01 1.255230125523012531e-03
-7.399999999999997691e-01 1.338912133891213482e-03
-7.199999999999997513e-01 1.338912133891213482e-03
-6.999999999999997335e-01 1.338912133891213482e-03
-6.799999999999997158e-01 1.422594142259414217e-03
-6.599999999999996980e-01 1.422594142259414217e-03
-6.399999999999996803e-01 1.422594142259414217e-03
-6.199999999999996625e-01 1.422594142259414217e-03
-5.999999999999996447e-01 1.422594142259414217e-03
-5.799999999999996270e-01 1.422594142259414217e-03
-5.599999999999996092e-01 1.422594142259414217e-03
-5.399999999999995914e-01 1.673640167364016636e-03
-5.199999999999995737e-01 1.757322175732217587e-03
-4.999999999999995559e-01 1.841004184100418321e-03
-4.799999999999995381e-01 2.175732217573221692e-03
-4.599999999999995204e-01 2.175732217573221692e-03
-4.399999999999995026e-01 2.259414225941422643e-03
-4.199999999999994849e-01 2.426778242677824111e-03
-3.999999999999994671e-01 2.677824267782426965e-03
-3.799999999999994493e-01 3.012552301255230335e-03
-3.599999999999994316e-01 3.514644351464435174e-03
-3.399999999999994138e-01 3.849372384937238545e-03
-3.199999999999993960e-01 4.267782426778242433e-03
-2.999999999999993783e-01 5.020920502092050125e-03
-2.799999999999993605e-01 5.523012552301254964e-03
-2.599999999999993427e-01 6.192468619246861705e-03
-2.399999999999993250e-01 7.364016736401673285e-03
-2.199999999999993072e-01 9.205020920502092474e-03
-1.999999999999992895e-01 1.230125523012552333e-02
-1.799999999999992717e-01 1.916317991631799264e-02
-1.599999999999992539e-01 3.121338912133891225e-02
-1.399999999999992362e-01 5.087866108786610886e-02
-1.199999999999992184e-01 8.794979079497908248e-02
-9.999999999999920064e-02 1.478661087866108836e-01
-7.999999999999918288e-02 2.265271966527196701e-01
-5.999999999999916511e-02 2.999999999999999889e-01
-3.999999999999914735e-02 3.359832635983263649e-01
-1.999999999999912959e-02 3.374058577405857906e-01
8.881784197001252323e-16 3.334728033472803554e-01
2.000000000000090594e-02 3.374058577405857906e-01
4.000000000000092371e-02 3.359832635983263649e-01
6.000000000000094147e-02 2.999999999999999889e-01
8.000000000000095923e-02 2.265271966527196701e-01
1.000000000000009770e-01 1.478661087866108836e-01
1.200000000000009948e-01 8.794979079497908248e-02
1.400000000000010125e-01 5.087866108786610886e-02
1.600000000000010303e-01 3.121338912133891225e-02
1.800000000000010481e-01 1.916317991631799264e-02
2.000000000000010658e-01 1.230125523012552333e-02
2.200000000000010836e-01 9.205020920502092474e-03
2.400000000000011013e-01 7.364016736401673285e-03
2.600000000000011191e-01 6.192468619246861705e-03
2.800000000000011369e-01 5.523012552301254964e-03
3.000000000000011546e-01 5.020920502092050125e-03
3.200000000000011724e-01 4.267782426778242433e-03
3.400000000000011902e-01 3.849372384937238545e-03
3.600000000000012079e-01 3.514644351464435174e-03
3.800000000000012257e-01 3.012552301255230335e-03
4.000000000000012434e-01 2.677824267782426965e-03
4.200000000000012612e-01 2.426778242677824111e-03
4.400000000000012790e-01 2.259414225941422643e-03
4.600000000000012967e-01 2.175732217573221692e-03
4.800000000000013145e-01 2.175732217573221692e-03
5.000000000000013323e-01 1.841004184100418321e-03
5.200000000000013500e-01 1.757322175732217587e-03
5.400000000000013678e-01 1.673640167364016636e-03
5.600000000000013856e-01 1.422594142259414217e-03
5.800000000000014033e-01 1.422594142259414217e-03
6.000000000000014211e-01 1.422594142259414217e-03
6.200000000000014388e-01 1.422594142259414217e-03
6.400000000000014566e-01 1.422594142259414217e-03
6.600000000000014744e-01 1.422594142259414217e-03
6.800000000000014921e-01 1.422594142259414217e-03
7.000000000000015099e-01 1.338912133891213482e-03
7.200000000000015277e-01 1.338912133891213482e-03
7.400000000000015454e-01 1.338912133891213482e-03
7.600000000000015632e-01 1.255230125523012531e-03
7.800000000000015810e-01 1.087866108786610846e-03
8.000000000000015987e-01 1.087866108786610846e-03
8.200000000000016165e-01 1.004184100418410112e-03
8.400000000000016342e-01 9.205020920502091607e-04
8.600000000000016520e-01 9.205020920502091607e-04
8.800000000000016698e-01 9.205020920502091607e-04
9.000000000000016875e-01 9.205020920502091607e-04
9.200000000000017053e-01 9.205020920502091607e-04
9.400000000000017231e-01 9.205020920502091607e-04
9.600000000000017408e-01 9.205020920502091607e-04
9.800000000000017586e-01 9.205020920502091607e-04
1.000000000000001776e+00 9.205020920502091607e-04
