-1.000000000000000000e+00 1.250000000000000026e-04
-9.799999999999999822e-01 1.250000000000000026e-04
-9.599999999999999645e-01 1.250000000000000026e-04
-9.399999999999999467e-01 1.250000000000000026e-04
-9.199999999999999289e-01 1.250000000000000026e-04
-8.999999999999999112e-01 1.250000000000000026e-04
-8.799999999999998934e-01 1.250000000000000026e-04
-8.599999999999998757e-01 1.250000000000000026e-04
-8.399999999999998579e-01 1.250000000000000026e-04
-8.199999999999998401e-01 1.250000000000000026e-04
-7.999999999999998224e-01 1.250000000000000026e-04
-7.799999999999998046e-01 1.250000000000000026e-04
-7.599999999999997868e-01 1.250000000000000026e-04
-7.399999999999997691e-01 1.250000000000000026e-04
-7.199999999999997513e-01 1.250000000000000026e-04
-6.999999999999997335e-01 1.250000000000000026e-04
-6.799999999999997158e-01 1.250000000000000026e-04
-6.599999999999996980e-01 1.250000000000000026e-04
-6.399999999999996803e-01 1.250000000000000026e-04
-6.199999999999996625e-01 1.250000000000000026e-04
-5.999999999999996447e-01 1.250000000000000026e-04
-5.799999999999996270e-01 1.250000000000000026e-04
-5.599999999999996092e-01 1.250000000000000026e-04
-5.399999999999995914e-01 1.250000000000000026e-04
-5.199999999999995737e-01 1.250000000000000026e-04
-4.999999999999995559e-01 1.250000000000000026e-04
-4.799999999999995381e-01 1.250000000000000026e-04
-4.599999999999995204e-01 1.250000000000000026e-04
-4.399999999999995026e-01 1.250000000000000026e-04
-4.199999999999994849e-01 1.250000000000000026e-04
-3.999999999999994671e-01 1.250000000000000026e-04
-3.799999999999994493e-01 1.250000000000000026e-04
-3.599999999999994316e-01 1.250000000000000026e-04
-3.399999999999994138e-01 1.250000000000000026e-04
-3.199999999999993960e-01 1.250000000000000026e-04
-2.999999999999993783e-01 1.250000000000000026e-04
-2.799999999999993605e-01 3.750000000000000078e-04
-2.599999999999993427e-01 5.000000000000000104e-04
-2.399999999999993250e-01 7.500000000000000156e-04
-2.199999999999993072e-01 8.750000000000000182e-04
-1.999999999999992895e-01 1.874999999999999931e-03
-1.799999999999992717e-01 3.000000000000000062e-03
-1.599999999999992539e-01 6.125000000000000236e-03
-1.399999999999992362e-01 1.474999999999999922e-02
-1.199999999999992184e-01 3.275000000000000133e-02
-9.999999999999920064e-02 6.612500000000000322e-02
-7.999999999999918288e-02 1.192499999999999949e-01
-5.999999999999916511e-02 1.864999999999999991e-01
-3.999999999999914735e-02 2.556249999999999911e-01
-1.999999999999912959e-02 3.063750000000000084e-01
8.881784197001252323e-16 3.247499999999999831e-01
2.000000000000090594e-02 3.063750000000000084e-01
4.000000000000092371e-02 2.556249999999999911e-01
6.000000000000094147e-02 1.864999999999999991e-01
8.000000000000095923e-02 1.192499999999999949e-01
1.000000000000009770e-01 6.612500000000000322e-02
1.200000000000009948e-01 3.275000000000000133e-02
1.400000000000010125e-01 1.474999999999999922e-02
1.600000000000010303e-01 6.125000000000000236e-03
1.800000000000010481e-01 3.000000000000000062e-03
2.000000000000010658e-01 1.874999999999999931e-03
2.200000000000010836e-01 8.750000000000000182e-04
2.400000000000011013e-01 7.500000000000000156e-04
2.600000000000011191e-01 5.000000000000000104e-04
2.800000000000011369e-01 3.750000000000000078e-04
3.000000000000011546e-01 1.250000000000000026e-04
3.200000000000011724e-01 1.250000000000000026e-04
3.400000000000011902e-01 1.250000000000000026e-04
3.600000000000012079e-01 1.250000000000000026e-04
3.800000000000012257e-01 1.250000000000000026e-04
4.000000000000012434e-01 1.250000000000000026e-04
4.200000000000012612e-01 1.250000000000000026e-04
4.400000000000012790e-01 1.250000000000000026e-04
4.600000000000012967e-01 1.250000000000000026e-04
4.800000000000013145e-01 1.250000000000000026e-04
5.000000000000013323e-01 1.250000000000000026e-04
5.200000000000013500e-01 1.250000000000000026e-04
5.400000000000013678e-01 1.250000000000000026e-04
5.600000000000013856e-01 1.250000000000000026e-04
5.800000000000014033e-01 1.250000000000000026e-04
6.000000000000014211e-01 1.250000000000000026e-04
6.200000000000014388e-01 1.250000000000000026e-04
6.400000000000014566e-01 1.250000000000000026e-04
6.600000000000014744e-01 1.250000000000000026e-04
6.800000000000014921e-01 1.250000000000000026e-04
7.000000000000015099e-01 1.250000000000000026e-04
7.200000000000015277e-01 1.250000000000000026e-04
7.400000000000015454e-01 1.250000000000000026e-04
7.600000000000015632e-01 1.250000000000000026e-04
7.800000000000015810e-01 1.250000000000000026e-04
8.000000000000015987e-01 1.250000000000000026e-04
8.200000000000016165e-01 1.250000000000000026e-04
8.400000000000016342e-01 1.250000000000000026e-04
8.600000000000016520e-01 1.250000000000000026e-04
8.800000000000016698e-01 1.250000000000000026e-04
9.000000000000016875e-01 1.250000000000000026e-04
9.200000000000017053e-01 1.250000000000000026e-04
9.400000000000017231e-01 1.250000000000000026e-04
9.600000000000017408e-01 1.250000000000000026e-04
9.800000000000017586e-01 1.250000000000000026e-04
1.000000000000001776e+00 1.250000000000000026e-04
